-0.5000   0.00000   0.00000    1.0000
-0.4750   0.00000   0.00000    1.0000
-0.4500   0.00000   0.00000    1.0000
-0.4250   0.00000   0.00000    1.0000
-0.4000   0.00000   0.00000    1.0000
-0.3750   0.00000   0.00000    1.0000
-0.3500   0.00000   0.00000    1.0000
-0.3250   0.00000   0.00000    1.0000
-0.3000   0.00000   0.00000    1.0000
-0.2750   0.00000   0.00000    1.0000
-0.2500   0.00000   0.00000    1.0000
-0.2250   0.00000   0.00000    1.0000
-0.2000   0.00000   0.00000    1.0000
-0.1750   0.00000   0.00000    1.0000
-0.1500   0.00000   0.00000    1.0000
-0.1250   0.00000   0.00000    1.0000
-0.1000   0.00000   0.00000    1.0000
-0.0750   0.00000   0.00000    1.0000
-0.0500   0.00000   0.00000    1.0000
 0.0000   0.00000   0.00000    1.0000
-0.0250   0.00000  -0.02500    1.0000
-0.0500   0.00000  -0.05000    1.0000
-0.0750   0.00000  -0.07500    1.0000
-0.1000   0.00000  -0.10000    1.0000
-0.1250   0.00000  -0.12500    1.0000
-0.1500   0.00000  -0.15000    1.0000
-0.1750   0.00000  -0.17500    1.0000
-0.2000   0.00000  -0.20000    1.0000
-0.2250   0.00000  -0.22500    1.0000
-0.2500   0.00000  -0.25000    1.0000
-0.2750   0.00000  -0.27500    1.0000
-0.3000   0.00000  -0.30000    1.0000
-0.3250   0.00000  -0.32500    1.0000
-0.3500   0.00000  -0.35000    1.0000
-0.3750   0.00000  -0.37500    1.0000
-0.4000   0.00000  -0.40000    1.0000
-0.4250   0.00000  -0.42500    1.0000
-0.4500   0.00000  -0.45000    1.0000
-0.4750   0.00000  -0.47500    1.0000
-0.5000   0.00000  -0.50000    1.0000
