0.00000000000000e+00  0.00000000000000e+00 0.00000000000000e+00
1.00000000000000e-02 -6.48642143750000e-02 2.81085405060000e-02
2.00000000000000e-02 -1.29355939260000e-01 5.62826878500000e-02
3.00000000000000e-02 -1.93104494810000e-01 8.45872132666667e-02
4.00000000000000e-02 -2.55742811300000e-01 1.13085222912500e-01
5.00000000000000e-02 -3.16909211220000e-01 1.41837340610000e-01
6.00000000000000e-02 -3.76249164233333e-01 1.70900908816667e-01
7.00000000000000e-02 -4.33417005542857e-01 2.00329213700000e-01
8.00000000000000e-02 -4.88077609662500e-01 2.30170740075000e-01
9.00000000000000e-02 -5.39908010600000e-01 2.60468461688889e-01
1.00000000000000e-01 -5.88598960510000e-01 2.91259172240000e-01
1.10000000000000e-01 -6.33856418945455e-01 3.22572862036364e-01
1.20000000000000e-01 -6.75402965083333e-01 3.54432145208333e-01
1.30000000000000e-01 -7.12979126046154e-01 3.86851741669231e-01
1.40000000000000e-01 -7.46344614571428e-01 4.19838018035714e-01
1.50000000000000e-01 -7.75279469800000e-01 4.53388591093333e-01
1.60000000000000e-01 -7.99585095750000e-01 4.87491996987500e-01
1.70000000000000e-01 -8.19085191764706e-01 5.22127429111765e-01
1.80000000000000e-01 -8.33626571444445e-01 5.57264546833333e-01
1.90000000000000e-01 -8.43079865526316e-01 5.92863356842105e-01
2.00000000000000e-01 -8.47340104300000e-01 6.28874169350000e-01
2.10000000000000e-01 -8.46327179238095e-01 6.65237628428571e-01
2.20000000000000e-01 -8.39986179227273e-01 7.01884818681818e-01
2.30000000000000e-01 -8.28287602086957e-01 7.38737446608696e-01
2.40000000000000e-01 -8.11227438833333e-01 7.75708097333333e-01
2.50000000000000e-01 -7.88827131600000e-01 8.12700564000000e-01
2.60000000000000e-01 -7.61133406423077e-01 8.49610250307692e-01
2.70000000000000e-01 -7.28217979444444e-01 8.86324641888889e-01
2.80000000000000e-01 -6.90177141642857e-01 9.22723844928571e-01
2.90000000000000e-01 -6.47131222448276e-01 9.58681189413793e-01
3.00000000000000e-01 -5.99223936100000e-01 9.94063892700000e-01
3.10000000000000e-01 -5.46621613709677e-01 1.02873378012903e+00
3.20000000000000e-01 -4.89512325906250e-01 1.06254805753125e+00
3.30000000000000e-01 -4.28104908515151e-01 1.09536012406061e+00
3.40000000000000e-01 -3.62627864470588e-01 1.12702045294118e+00
3.50000000000000e-01 -2.93328216885714e-01 1.15737746285714e+00
3.60000000000000e-01 -2.20470215347222e-01 1.18627848044444e+00
3.70000000000000e-01 -1.44334030897297e-01 1.21357066305405e+00
3.80000000000000e-01 -6.52143159763158e-02 1.23910199700000e+00
3.90000000000000e-01 1.65812709123077e-02 1.26272228079487e+00
4.00000000000000e-01 1.00733590770000e-01 1.28428410997500e+00
4.10000000000000e-01 1.86913615568293e-01 1.30364387492683e+00
4.20000000000000e-01 2.74784055595238e-01 1.32066274721429e+00
4.30000000000000e-01 3.64001018976744e-01 1.33520765186047e+00
4.40000000000000e-01 4.54215695000000e-01 1.34715221936364e+00
4.50000000000000e-01 5.45076052755556e-01 1.35637771082222e+00
4.60000000000000e-01 6.36228546065217e-01 1.36277390965217e+00
4.70000000000000e-01 7.27319815255319e-01 1.36623997300000e+00
4.80000000000000e-01 8.17998371562500e-01 1.36668523395833e+00
4.90000000000000e-01 9.07916201244898e-01 1.36402991940816e+00
5.00000000000000e-01 9.96730605380000e-01 1.35820595858000e+00
5.10000000000000e-01 1.08410562703922e+00 1.34915751266667e+00
5.20000000000000e-01 1.16971352482692e+00 1.33684150300000e+00
5.30000000000000e-01 1.25323660696226e+00 1.32122827311321e+00
5.40000000000000e-01 1.33436837683333e+00 1.30230184751852e+00
5.50000000000000e-01 1.41281493640000e+00 1.28006029216364e+00
5.60000000000000e-01 1.48829657760714e+00 1.25451608848214e+00
5.70000000000000e-01 1.56054847305263e+00 1.22569607524561e+00
5.80000000000000e-01 1.62932248444828e+00 1.19364179724138e+00
5.90000000000000e-01 1.69438750659322e+00 1.15840922254237e+00
6.00000000000000e-01 1.75553099166667e+00 1.12006884525000e+00
6.10000000000000e-01 1.81255949508197e+00 1.07870538003279e+00
6.20000000000000e-01 1.86529924870968e+00 1.03441743491935e+00
6.30000000000000e-01 1.91359741936508e+00 9.87317279047619e-01
6.40000000000000e-01 1.95732188218750e+00 9.37530188984375e-01
6.50000000000000e-01 1.99636196153846e+00 8.85193971276923e-01
6.60000000000000e-01 2.03062898666667e+00 8.30458313500000e-01
6.70000000000000e-01 2.06005600223881e+00 7.73483988611940e-01
6.80000000000000e-01 2.08459785970588e+00 7.14442082661765e-01
6.90000000000000e-01 2.10423159637681e+00 6.53513040434783e-01
7.00000000000000e-01 2.11895590957143e+00 5.90885691400000e-01
7.10000000000000e-01 2.12879088394366e+00 5.26756212732394e-01
7.20000000000000e-01 2.13377764472222e+00 4.61327005972222e-01
7.30000000000000e-01 2.13397778479452e+00 3.94805597465753e-01
7.40000000000000e-01 2.12947299270270e+00 3.27403175405405e-01
7.50000000000000e-01 2.12036409813333e+00 2.59333473600000e-01
7.60000000000000e-01 2.10677031881579e+00 1.90811418052632e-01
7.70000000000000e-01 2.08882837246753e+00 1.22051745454545e-01
7.80000000000000e-01 2.06669148846154e+00 5.32676022769231e-02
7.90000000000000e-01 2.04052833620253e+00 -1.53308802151899e-02
8.00000000000000e-01 2.01052187650000e+00 -8.35380280012500e-02
8.10000000000000e-01 1.97686814395062e+00 -1.51154076234568e-01
8.20000000000000e-01 1.93977496585366e+00 -2.17986624060976e-01
8.30000000000000e-01 1.89946062361446e+00 -2.83852085240964e-01
8.40000000000000e-01 1.85615246595238e+00 -3.48577127773810e-01
8.50000000000000e-01 1.81008547894118e+00 -4.12000095682353e-01
8.60000000000000e-01 1.76150083627907e+00 -4.73972421162791e-01
8.70000000000000e-01 1.71064421045977e+00 -5.34359813252874e-01
8.80000000000000e-01 1.65776043443182e+00 -5.93039573420455e-01
8.90000000000000e-01 1.60308831348315e+00 -6.49896748606742e-01
9.00000000000000e-01 1.54685951122222e+00 -7.04823441977778e-01
9.10000000000000e-01 1.48929842703297e+00 -7.57718952791209e-01
9.20000000000000e-01 1.43062206619565e+00 -8.08489884684783e-01
9.30000000000000e-01 1.37103991258065e+00 -8.57050226193548e-01
9.40000000000000e-01 1.31075381851064e+00 -9.03321414436170e-01
9.50000000000000e-01 1.24995791021053e+00 -9.47232381642105e-01
9.60000000000000e-01 1.18883850885417e+00 -9.88719584677083e-01
9.70000000000000e-01 1.12757420762887e+00 -1.02772695856701e+00
9.80000000000000e-01 1.06633577989796e+00 -1.06420593357143e+00
9.90000000000000e-01 1.00528537651515e+00 -1.09811573484848e+00
1.00000000000000e+00 9.44577518620000e-01 -1.12942291720000e+00
1.01000000000000e+00 8.84358731455446e-01 -1.15810146257426e+00
1.02000000000000e+00 8.24767554764706e-01 -1.18413270794118e+00
1.03000000000000e+00 7.65934586582524e-01 -1.20750525029126e+00
1.04000000000000e+00 7.07983133855769e-01 -1.22821461942308e+00
1.05000000000000e+00 6.51027146704762e-01 -1.24626395600000e+00
1.06000000000000e+00 5.95173401367925e-01 -1.26166305198113e+00
1.07000000000000e+00 5.40520916327103e-01 -1.27442845785047e+00
1.08000000000000e+00 4.87161157500000e-01 -1.28458328250000e+00
1.09000000000000e+00 4.35178429036697e-01 -1.29215695403670e+00
1.10000000000000e+00 3.84648115972727e-01 -1.29718555700000e+00
1.11000000000000e+00 3.35638937441441e-01 -1.29971095072072e+00
1.12000000000000e+00 2.88212404517857e-01 -1.29978077285714e+00
1.13000000000000e+00 2.42423695761062e-01 -1.29744811247788e+00
1.14000000000000e+00 1.98319316350877e-01 -1.29277171298246e+00
1.15000000000000e+00 1.55939661278261e-01 -1.28581517434783e+00
1.16000000000000e+00 1.15318740086207e-01 -1.27664684715517e+00
1.17000000000000e+00 7.64844896247863e-02 -1.26533967179487e+00
1.18000000000000e+00 3.94571206813559e-02 -1.25197078364407e+00
1.19000000000000e+00 4.25156991319328e-03 -1.23662113857143e+00
1.20000000000000e+00 -2.91225511550000e-02 -1.21937547650000e+00
1.21000000000000e+00 -6.06622578983471e-02 -1.20032171743802e+00
1.22000000000000e+00 -9.03699609672131e-02 -1.17955058032787e+00
1.23000000000000e+00 -1.18252673008130e-01 -1.15715571788618e+00
1.24000000000000e+00 -1.44322718370968e-01 -1.13323315411290e+00
1.25000000000000e+00 -1.68597647920000e-01 -1.10788033000000e+00
1.26000000000000e+00 -1.91098858380952e-01 -1.08119690047619e+00
1.27000000000000e+00 -2.11852181535433e-01 -1.05328406488189e+00
1.28000000000000e+00 -2.30887889671875e-01 -1.02424298414062e+00
1.29000000000000e+00 -2.48239473782946e-01 -9.94176518682170e-01
1.30000000000000e+00 -2.63944184346154e-01 -9.63187904615385e-01
1.31000000000000e+00 -2.78042593297710e-01 -9.31379188244275e-01
1.32000000000000e+00 -2.90578050606061e-01 -8.98853863181818e-01
1.33000000000000e+00 -3.01596854180451e-01 -8.65713903684210e-01
1.34000000000000e+00 -3.11147542985075e-01 -8.32059717313433e-01
1.35000000000000e+00 -3.19281223725926e-01 -7.97993125703704e-01
1.36000000000000e+00 -3.26050607897059e-01 -7.63611480441176e-01
1.37000000000000e+00 -3.31510212759124e-01 -7.29011969598540e-01
1.38000000000000e+00 -3.35716521456522e-01 -6.94291104579710e-01
1.39000000000000e+00 -3.38726277028777e-01 -6.59539957812950e-01
1.40000000000000e+00 -3.40598371935714e-01 -6.24851027250000e-01
1.41000000000000e+00 -3.41391629319149e-01 -5.90311360680851e-01
1.42000000000000e+00 -3.41165492626761e-01 -5.56005832929578e-01
1.43000000000000e+00 -3.39980806090909e-01 -5.22018576762238e-01
1.44000000000000e+00 -3.37896549208333e-01 -4.88426057145833e-01
1.45000000000000e+00 -3.34974046172414e-01 -4.55306732055172e-01
1.46000000000000e+00 -3.31272146068493e-01 -4.22730740993151e-01
1.47000000000000e+00 -3.26850537782313e-01 -3.90767424496599e-01
1.48000000000000e+00 -3.21768290277027e-01 -3.59482075635135e-01
1.49000000000000e+00 -3.16082213000000e-01 -3.28933625040268e-01
1.50000000000000e+00 -3.09851042660000e-01 -2.99181925513333e-01
1.51000000000000e+00 -3.03128308821192e-01 -2.70275754350993e-01
1.52000000000000e+00 -2.95970700690789e-01 -2.42267050296053e-01
1.53000000000000e+00 -2.88429229803922e-01 -2.15196438372549e-01
1.54000000000000e+00 -2.80556657331169e-01 -1.89105480240260e-01
1.55000000000000e+00 -2.72401835264516e-01 -1.64027673638710e-01
1.56000000000000e+00 -2.64012697653846e-01 -1.39993476647436e-01
1.57000000000000e+00 -2.55435459541401e-01 -1.17028861700637e-01
1.58000000000000e+00 -2.46712766088608e-01 -9.51531559810126e-02
1.59000000000000e+00 -2.37887681207547e-01 -7.43843779937107e-02
1.60000000000000e+00 -2.28997268075000e-01 -5.47309372518750e-02
1.61000000000000e+00 -2.20080926801242e-01 -3.62025147527950e-02
1.62000000000000e+00 -2.11170009240741e-01 -1.87970620216049e-02
1.63000000000000e+00 -2.02299778723926e-01 -2.51565451588957e-03
1.64000000000000e+00 -1.93495914963415e-01 1.26534834689024e-02
1.65000000000000e+00 -1.84789147860606e-01 2.67179668115152e-02
1.66000000000000e+00 -1.76199736740964e-01 3.96982371277108e-02
1.67000000000000e+00 -1.67753490526946e-01 5.16105325101796e-02
1.68000000000000e+00 -1.59465744309524e-01 6.24825482559524e-02
1.69000000000000e+00 -1.51357236360947e-01 7.23386431183432e-02
1.70000000000000e+00 -1.43438849388235e-01 8.12122827823529e-02
1.71000000000000e+00 -1.35726535719298e-01 8.91348970292398e-02
1.72000000000000e+00 -1.28227249866279e-01 9.61441015348837e-02
1.73000000000000e+00 -1.20952325421965e-01 1.02277187514451e-01
1.74000000000000e+00 -1.13905727712644e-01 1.07574054758621e-01
1.75000000000000e+00 -1.07094559611429e-01 1.12076200931429e-01
1.76000000000000e+00 -1.00520569482955e-01 1.15824293011364e-01
1.77000000000000e+00 -9.41872796384181e-02 1.18861972214689e-01
1.78000000000000e+00 -8.80948576011236e-02 1.21229577196629e-01
1.79000000000000e+00 -8.22440467765363e-02 1.22970639368715e-01
1.80000000000000e+00 -7.66338871944444e-02 1.24124566911111e-01
1.81000000000000e+00 -7.12631828729282e-02 1.24732635127072e-01
1.82000000000000e+00 -6.61301182637363e-02 1.24833132637363e-01
1.83000000000000e+00 -6.12322894043716e-02 1.24463403863388e-01
1.84000000000000e+00 -5.65671778695652e-02 1.23660626858696e-01
1.85000000000000e+00 -5.21316584189189e-02 1.22457326772973e-01
1.86000000000000e+00 -4.79226255876344e-02 1.20889538580645e-01
1.87000000000000e+00 -4.39364168967914e-02 1.18985058139037e-01
1.88000000000000e+00 -4.01694513154255e-02 1.16778348244681e-01
1.89000000000000e+00 -3.66175243825397e-02 1.14294161502645e-01
1.90000000000000e+00 -3.32765186452632e-02 1.11562869631579e-01
1.91000000000000e+00 -3.01417234905759e-02 1.08609179041885e-01
1.92000000000000e+00 -2.72083298880208e-02 1.05459058156250e-01
1.93000000000000e+00 -2.44711530538860e-02 1.02137309196891e-01
1.94000000000000e+00 -2.19245369108247e-02 9.86662352010309e-02
1.95000000000000e+00 -1.95628392625641e-02 9.50706926923077e-02
1.96000000000000e+00 -1.73795982622449e-02 9.13702696989796e-02
1.97000000000000e+00 -1.53685088563452e-02 8.75886960253807e-02
1.98000000000000e+00 -1.35226232732323e-02 8.37446753888889e-02
1.99000000000000e+00 -1.18348554974874e-02 7.98590655477387e-02
2.00000000000000e+00 -1.02979218560000e-02 7.59511088850000e-02
2.01000000000000e+00 -8.90428312039801e-03 7.20379631741294e-02
2.02000000000000e+00 -7.64612067128713e-03 6.81396588168317e-02
2.03000000000000e+00 -6.51590641871921e-03 6.42700145024631e-02
2.04000000000000e+00 -5.50545455882353e-03 6.04471699901961e-02
2.05000000000000e+00 -4.60718288068293e-03 5.66845304146342e-02
2.06000000000000e+00 -3.81327501781553e-03 5.29956723592233e-02
2.07000000000000e+00 -3.11563348135266e-03 4.93951057294686e-02
2.08000000000000e+00 -2.50737274615385e-03 4.58915322259615e-02
2.09000000000000e+00 -1.98023240717703e-03 4.24983967832536e-02
2.10000000000000e+00 -1.52771129885714e-03 3.92227237942857e-02
2.11000000000000e+00 -1.14276931000000e-03 3.60727904502370e-02
2.12000000000000e+00 -8.18198881226415e-04 3.30571409047170e-02
2.13000000000000e+00 -5.48657548638498e-04 3.01786248643192e-02
2.14000000000000e+00 -3.27021293196262e-04 2.74445478677570e-02
2.15000000000000e+00 -1.48388099474419e-04 2.48563986534884e-02
2.16000000000000e+00 -7.52039244027778e-06 2.24161413435185e-02
2.17000000000000e+00 1.01449072880184e-04 2.01269639870968e-02
2.18000000000000e+00 1.81862879192661e-04 1.79863275105505e-02
2.19000000000000e+00 2.38849341337900e-04 1.59950997465753e-02
2.20000000000000e+00 2.75940987354545e-04 1.41509561209091e-02
2.21000000000000e+00 2.96030382651584e-04 1.24501626515837e-02
2.22000000000000e+00 3.03606056360360e-04 1.08914025815315e-02
2.23000000000000e+00 3.00146764390135e-04 9.46855145426009e-03
2.24000000000000e+00 2.88507883794643e-04 8.17725926383928e-03
2.25000000000000e+00 2.71273853231111e-04 7.01270063333333e-03
2.26000000000000e+00 2.49472477455752e-04 5.96811312345133e-03
2.27000000000000e+00 2.25383717929515e-04 5.03768019779736e-03
2.28000000000000e+00 2.00042503881579e-04 4.21468345885965e-03
2.29000000000000e+00 1.74170761213974e-04 3.49205973751092e-03
2.30000000000000e+00 1.49405914308696e-04 2.86266774256522e-03
2.31000000000000e+00 1.25745457870130e-04 2.31954372393939e-03
2.32000000000000e+00 1.03739736517241e-04 1.85534587349138e-03
2.33000000000000e+00 8.41116199399142e-05 1.46239593948498e-03
2.34000000000000e+00 6.66044989188034e-05 1.13439277256410e-03
2.35000000000000e+00 5.14600530680851e-05 8.63788762127659e-04
2.36000000000000e+00 3.87581153224576e-05 6.43612284322034e-04
2.37000000000000e+00 2.82027790215190e-05 4.68397657805907e-04
2.38000000000000e+00 1.97470690029412e-05 3.30769058222689e-04
2.39000000000000e+00 1.31858015966527e-05 2.25345114000000e-04
2.40000000000000e+00 8.23525047916667e-06 1.47658489258333e-04
2.41000000000000e+00 4.65282752323651e-06 9.09235041078838e-05
2.42000000000000e+00 2.21140545904959e-06 5.18424403677686e-05
2.43000000000000e+00 6.80017962181070e-07 2.70959404485597e-05
2.44000000000000e+00 -2.71873565098361e-07 1.09059670377049e-05
2.45000000000000e+00 -7.40200576122449e-07 2.17626253224490e-06
2.46000000000000e+00 -8.69161956300813e-07 -1.13592245869919e-06
2.47000000000000e+00 -9.98115928016194e-07 -3.50113821882591e-06
2.48000000000000e+00 -9.96609043830645e-07 -3.90169391205645e-06
2.49000000000000e+00 -8.73892503775100e-07 -2.96278539385542e-06
2.50000000000000e+00 -5.97701004240000e-07 -2.13049166396000e-06
2.51000000000000e+00 -2.84411208478088e-07 -1.05068691127490e-06
2.52000000000000e+00 -1.80815305317460e-10 -6.85156216388889e-10
2.53000000000000e+00 5.59035538932806e-08 1.88923754411067e-07
2.54000000000000e+00 4.56548939921260e-08 1.54288831019685e-07
2.55000000000000e+00 1.25363553466667e-09 4.23660957803922e-09
2.56000000000000e+00 0.00000000000000e+00 0.00000000000000e+00
2.57000000000000e+00 0.00000000000000e+00 0.00000000000000e+00
2.58000000000000e+00 0.00000000000000e+00 0.00000000000000e+00
2.59000000000000e+00 0.00000000000000e+00 0.00000000000000e+00
2.60000000000000e+00 0.00000000000000e+00 0.00000000000000e+00
2.61000000000000e+00 0.00000000000000e+00 0.00000000000000e+00
2.62000000000000e+00 0.00000000000000e+00 0.00000000000000e+00
2.63000000000000e+00 0.00000000000000e+00 0.00000000000000e+00
2.64000000000000e+00 0.00000000000000e+00 0.00000000000000e+00
2.65000000000000e+00 0.00000000000000e+00 0.00000000000000e+00
2.66000000000000e+00 0.00000000000000e+00 0.00000000000000e+00
2.67000000000000e+00 0.00000000000000e+00 0.00000000000000e+00
2.68000000000000e+00 0.00000000000000e+00 0.00000000000000e+00
2.69000000000000e+00 0.00000000000000e+00 0.00000000000000e+00
2.70000000000000e+00 0.00000000000000e+00 0.00000000000000e+00
2.71000000000000e+00 0.00000000000000e+00 0.00000000000000e+00
2.72000000000000e+00 0.00000000000000e+00 0.00000000000000e+00
2.73000000000000e+00 0.00000000000000e+00 0.00000000000000e+00
2.74000000000000e+00 0.00000000000000e+00 0.00000000000000e+00
2.75000000000000e+00 0.00000000000000e+00 0.00000000000000e+00
2.76000000000000e+00 0.00000000000000e+00 0.00000000000000e+00
2.77000000000000e+00 0.00000000000000e+00 0.00000000000000e+00
2.78000000000000e+00 0.00000000000000e+00 0.00000000000000e+00
2.79000000000000e+00 0.00000000000000e+00 0.00000000000000e+00
2.80000000000000e+00 0.00000000000000e+00 0.00000000000000e+00
2.81000000000000e+00 0.00000000000000e+00 0.00000000000000e+00
2.82000000000000e+00 0.00000000000000e+00 0.00000000000000e+00
2.83000000000000e+00 0.00000000000000e+00 0.00000000000000e+00
2.84000000000000e+00 0.00000000000000e+00 0.00000000000000e+00
2.85000000000000e+00 0.00000000000000e+00 0.00000000000000e+00
2.86000000000000e+00 0.00000000000000e+00 0.00000000000000e+00
2.87000000000000e+00 0.00000000000000e+00 0.00000000000000e+00
2.88000000000000e+00 0.00000000000000e+00 0.00000000000000e+00
2.89000000000000e+00 0.00000000000000e+00 0.00000000000000e+00
2.90000000000000e+00 0.00000000000000e+00 0.00000000000000e+00
2.91000000000000e+00 0.00000000000000e+00 0.00000000000000e+00
2.92000000000000e+00 0.00000000000000e+00 0.00000000000000e+00
2.93000000000000e+00 0.00000000000000e+00 0.00000000000000e+00
2.94000000000000e+00 0.00000000000000e+00 0.00000000000000e+00
2.95000000000000e+00 0.00000000000000e+00 0.00000000000000e+00
2.96000000000000e+00 0.00000000000000e+00 0.00000000000000e+00
2.97000000000000e+00 0.00000000000000e+00 0.00000000000000e+00
2.98000000000000e+00 0.00000000000000e+00 0.00000000000000e+00
2.99000000000000e+00 0.00000000000000e+00 0.00000000000000e+00
3.00000000000000e+00 0.00000000000000e+00 0.00000000000000e+00
3.01000000000000e+00 0.00000000000000e+00 0.00000000000000e+00
3.02000000000000e+00 0.00000000000000e+00 0.00000000000000e+00
3.03000000000000e+00 0.00000000000000e+00 0.00000000000000e+00
3.04000000000000e+00 0.00000000000000e+00 0.00000000000000e+00
3.05000000000000e+00 0.00000000000000e+00 0.00000000000000e+00
3.06000000000000e+00 0.00000000000000e+00 0.00000000000000e+00
3.07000000000000e+00 0.00000000000000e+00 0.00000000000000e+00
3.08000000000000e+00 0.00000000000000e+00 0.00000000000000e+00
3.09000000000000e+00 0.00000000000000e+00 0.00000000000000e+00
3.10000000000000e+00 0.00000000000000e+00 0.00000000000000e+00
3.11000000000000e+00 0.00000000000000e+00 0.00000000000000e+00
3.12000000000000e+00 0.00000000000000e+00 0.00000000000000e+00
3.13000000000000e+00 0.00000000000000e+00 0.00000000000000e+00
3.14000000000000e+00 0.00000000000000e+00 0.00000000000000e+00
3.15000000000000e+00 0.00000000000000e+00 0.00000000000000e+00
3.16000000000000e+00 0.00000000000000e+00 0.00000000000000e+00
3.17000000000000e+00 0.00000000000000e+00 0.00000000000000e+00
3.18000000000000e+00 0.00000000000000e+00 0.00000000000000e+00
3.19000000000000e+00 0.00000000000000e+00 0.00000000000000e+00
3.20000000000000e+00 0.00000000000000e+00 0.00000000000000e+00
3.21000000000000e+00 0.00000000000000e+00 0.00000000000000e+00
3.22000000000000e+00 0.00000000000000e+00 0.00000000000000e+00
3.23000000000000e+00 0.00000000000000e+00 0.00000000000000e+00
3.24000000000000e+00 0.00000000000000e+00 0.00000000000000e+00
3.25000000000000e+00 0.00000000000000e+00 0.00000000000000e+00
3.26000000000000e+00 0.00000000000000e+00 0.00000000000000e+00
3.27000000000000e+00 0.00000000000000e+00 0.00000000000000e+00
3.28000000000000e+00 0.00000000000000e+00 0.00000000000000e+00
3.29000000000000e+00 0.00000000000000e+00 0.00000000000000e+00
3.30000000000000e+00 0.00000000000000e+00 0.00000000000000e+00
3.31000000000000e+00 0.00000000000000e+00 0.00000000000000e+00
3.32000000000000e+00 0.00000000000000e+00 0.00000000000000e+00
3.33000000000000e+00 0.00000000000000e+00 0.00000000000000e+00
3.34000000000000e+00 0.00000000000000e+00 0.00000000000000e+00
3.35000000000000e+00 0.00000000000000e+00 0.00000000000000e+00
3.36000000000000e+00 0.00000000000000e+00 0.00000000000000e+00
3.37000000000000e+00 0.00000000000000e+00 0.00000000000000e+00
3.38000000000000e+00 0.00000000000000e+00 0.00000000000000e+00
3.39000000000000e+00 0.00000000000000e+00 0.00000000000000e+00
3.40000000000000e+00 0.00000000000000e+00 0.00000000000000e+00
3.41000000000000e+00 0.00000000000000e+00 0.00000000000000e+00
3.42000000000000e+00 0.00000000000000e+00 0.00000000000000e+00
3.43000000000000e+00 0.00000000000000e+00 0.00000000000000e+00
3.44000000000000e+00 0.00000000000000e+00 0.00000000000000e+00
3.45000000000000e+00 0.00000000000000e+00 0.00000000000000e+00
3.46000000000000e+00 0.00000000000000e+00 0.00000000000000e+00
3.47000000000000e+00 0.00000000000000e+00 0.00000000000000e+00
3.48000000000000e+00 0.00000000000000e+00 0.00000000000000e+00
3.49000000000000e+00 0.00000000000000e+00 0.00000000000000e+00
3.50000000000000e+00 0.00000000000000e+00 0.00000000000000e+00
3.51000000000000e+00 0.00000000000000e+00 0.00000000000000e+00
3.52000000000000e+00 0.00000000000000e+00 0.00000000000000e+00
3.53000000000000e+00 0.00000000000000e+00 0.00000000000000e+00
3.54000000000000e+00 0.00000000000000e+00 0.00000000000000e+00
3.55000000000000e+00 0.00000000000000e+00 0.00000000000000e+00
3.56000000000000e+00 0.00000000000000e+00 0.00000000000000e+00
3.57000000000000e+00 0.00000000000000e+00 0.00000000000000e+00
3.58000000000000e+00 0.00000000000000e+00 0.00000000000000e+00
3.59000000000000e+00 0.00000000000000e+00 0.00000000000000e+00
3.60000000000000e+00 0.00000000000000e+00 0.00000000000000e+00
3.61000000000000e+00 0.00000000000000e+00 0.00000000000000e+00
3.62000000000000e+00 0.00000000000000e+00 0.00000000000000e+00
3.63000000000000e+00 0.00000000000000e+00 0.00000000000000e+00
3.64000000000000e+00 0.00000000000000e+00 0.00000000000000e+00
3.65000000000000e+00 0.00000000000000e+00 0.00000000000000e+00
3.66000000000000e+00 0.00000000000000e+00 0.00000000000000e+00
3.67000000000000e+00 0.00000000000000e+00 0.00000000000000e+00
3.68000000000000e+00 0.00000000000000e+00 0.00000000000000e+00
3.69000000000000e+00 0.00000000000000e+00 0.00000000000000e+00
3.70000000000000e+00 0.00000000000000e+00 0.00000000000000e+00
3.71000000000000e+00 0.00000000000000e+00 0.00000000000000e+00
3.72000000000000e+00 0.00000000000000e+00 0.00000000000000e+00
3.73000000000000e+00 0.00000000000000e+00 0.00000000000000e+00
3.74000000000000e+00 0.00000000000000e+00 0.00000000000000e+00
3.75000000000000e+00 0.00000000000000e+00 0.00000000000000e+00
3.76000000000000e+00 0.00000000000000e+00 0.00000000000000e+00
3.77000000000000e+00 0.00000000000000e+00 0.00000000000000e+00
3.78000000000000e+00 0.00000000000000e+00 0.00000000000000e+00
3.79000000000000e+00 0.00000000000000e+00 0.00000000000000e+00
3.80000000000000e+00 0.00000000000000e+00 0.00000000000000e+00
3.81000000000000e+00 0.00000000000000e+00 0.00000000000000e+00
3.82000000000000e+00 0.00000000000000e+00 0.00000000000000e+00
3.83000000000000e+00 0.00000000000000e+00 0.00000000000000e+00
3.84000000000000e+00 0.00000000000000e+00 0.00000000000000e+00
3.85000000000000e+00 0.00000000000000e+00 0.00000000000000e+00
3.86000000000000e+00 0.00000000000000e+00 0.00000000000000e+00
3.87000000000000e+00 0.00000000000000e+00 0.00000000000000e+00
3.88000000000000e+00 0.00000000000000e+00 0.00000000000000e+00
3.89000000000000e+00 0.00000000000000e+00 0.00000000000000e+00
3.90000000000000e+00 0.00000000000000e+00 0.00000000000000e+00
3.91000000000000e+00 0.00000000000000e+00 0.00000000000000e+00
3.92000000000000e+00 0.00000000000000e+00 0.00000000000000e+00
3.93000000000000e+00 0.00000000000000e+00 0.00000000000000e+00
3.94000000000000e+00 0.00000000000000e+00 0.00000000000000e+00
3.95000000000000e+00 0.00000000000000e+00 0.00000000000000e+00
3.96000000000000e+00 0.00000000000000e+00 0.00000000000000e+00
3.97000000000000e+00 0.00000000000000e+00 0.00000000000000e+00
3.98000000000000e+00 0.00000000000000e+00 0.00000000000000e+00
3.99000000000000e+00 0.00000000000000e+00 0.00000000000000e+00
4.00000000000000e+00 0.00000000000000e+00 0.00000000000000e+00
4.01000000000000e+00 0.00000000000000e+00 0.00000000000000e+00
4.02000000000000e+00 0.00000000000000e+00 0.00000000000000e+00
4.03000000000000e+00 0.00000000000000e+00 0.00000000000000e+00
4.04000000000000e+00 0.00000000000000e+00 0.00000000000000e+00
4.05000000000000e+00 0.00000000000000e+00 0.00000000000000e+00
4.06000000000000e+00 0.00000000000000e+00 0.00000000000000e+00
4.07000000000000e+00 0.00000000000000e+00 0.00000000000000e+00
4.08000000000000e+00 0.00000000000000e+00 0.00000000000000e+00
4.09000000000000e+00 0.00000000000000e+00 0.00000000000000e+00
4.10000000000000e+00 0.00000000000000e+00 0.00000000000000e+00
4.11000000000000e+00 0.00000000000000e+00 0.00000000000000e+00
4.12000000000000e+00 0.00000000000000e+00 0.00000000000000e+00
4.13000000000000e+00 0.00000000000000e+00 0.00000000000000e+00
4.14000000000000e+00 0.00000000000000e+00 0.00000000000000e+00
4.15000000000000e+00 0.00000000000000e+00 0.00000000000000e+00
4.16000000000000e+00 0.00000000000000e+00 0.00000000000000e+00
4.17000000000000e+00 0.00000000000000e+00 0.00000000000000e+00
4.18000000000000e+00 0.00000000000000e+00 0.00000000000000e+00
4.19000000000000e+00 0.00000000000000e+00 0.00000000000000e+00
4.20000000000000e+00 0.00000000000000e+00 0.00000000000000e+00
4.21000000000000e+00 0.00000000000000e+00 0.00000000000000e+00
4.22000000000000e+00 0.00000000000000e+00 0.00000000000000e+00
4.23000000000000e+00 0.00000000000000e+00 0.00000000000000e+00
4.24000000000000e+00 0.00000000000000e+00 0.00000000000000e+00
4.25000000000000e+00 0.00000000000000e+00 0.00000000000000e+00
4.26000000000000e+00 0.00000000000000e+00 0.00000000000000e+00
4.27000000000000e+00 0.00000000000000e+00 0.00000000000000e+00
4.28000000000000e+00 0.00000000000000e+00 0.00000000000000e+00
4.29000000000000e+00 0.00000000000000e+00 0.00000000000000e+00
4.30000000000000e+00 0.00000000000000e+00 0.00000000000000e+00
4.31000000000000e+00 0.00000000000000e+00 0.00000000000000e+00
4.32000000000000e+00 0.00000000000000e+00 0.00000000000000e+00
4.33000000000000e+00 0.00000000000000e+00 0.00000000000000e+00
4.34000000000000e+00 0.00000000000000e+00 0.00000000000000e+00
4.35000000000000e+00 0.00000000000000e+00 0.00000000000000e+00
4.36000000000000e+00 0.00000000000000e+00 0.00000000000000e+00
4.37000000000000e+00 0.00000000000000e+00 0.00000000000000e+00
4.38000000000000e+00 0.00000000000000e+00 0.00000000000000e+00
4.39000000000000e+00 0.00000000000000e+00 0.00000000000000e+00
4.40000000000000e+00 0.00000000000000e+00 0.00000000000000e+00
4.41000000000000e+00 0.00000000000000e+00 0.00000000000000e+00
4.42000000000000e+00 0.00000000000000e+00 0.00000000000000e+00
4.43000000000000e+00 0.00000000000000e+00 0.00000000000000e+00
4.44000000000000e+00 0.00000000000000e+00 0.00000000000000e+00
4.45000000000000e+00 0.00000000000000e+00 0.00000000000000e+00
4.46000000000000e+00 0.00000000000000e+00 0.00000000000000e+00
4.47000000000000e+00 0.00000000000000e+00 0.00000000000000e+00
4.48000000000000e+00 0.00000000000000e+00 0.00000000000000e+00
4.49000000000000e+00 0.00000000000000e+00 0.00000000000000e+00
4.50000000000000e+00 0.00000000000000e+00 0.00000000000000e+00
4.51000000000000e+00 0.00000000000000e+00 0.00000000000000e+00
4.52000000000000e+00 0.00000000000000e+00 0.00000000000000e+00
4.53000000000000e+00 0.00000000000000e+00 0.00000000000000e+00
4.54000000000000e+00 0.00000000000000e+00 0.00000000000000e+00
4.55000000000000e+00 0.00000000000000e+00 0.00000000000000e+00
4.56000000000000e+00 0.00000000000000e+00 0.00000000000000e+00
4.57000000000000e+00 0.00000000000000e+00 0.00000000000000e+00
4.58000000000000e+00 0.00000000000000e+00 0.00000000000000e+00
4.59000000000000e+00 0.00000000000000e+00 0.00000000000000e+00
4.60000000000000e+00 0.00000000000000e+00 0.00000000000000e+00
4.61000000000000e+00 0.00000000000000e+00 0.00000000000000e+00
4.62000000000000e+00 0.00000000000000e+00 0.00000000000000e+00
4.63000000000000e+00 0.00000000000000e+00 0.00000000000000e+00
4.64000000000000e+00 0.00000000000000e+00 0.00000000000000e+00
4.65000000000000e+00 0.00000000000000e+00 0.00000000000000e+00
4.66000000000000e+00 0.00000000000000e+00 0.00000000000000e+00
4.67000000000000e+00 0.00000000000000e+00 0.00000000000000e+00
4.68000000000000e+00 0.00000000000000e+00 0.00000000000000e+00
4.69000000000000e+00 0.00000000000000e+00 0.00000000000000e+00
4.70000000000000e+00 0.00000000000000e+00 0.00000000000000e+00
4.71000000000000e+00 0.00000000000000e+00 0.00000000000000e+00
4.72000000000000e+00 0.00000000000000e+00 0.00000000000000e+00
4.73000000000000e+00 0.00000000000000e+00 0.00000000000000e+00
4.74000000000000e+00 0.00000000000000e+00 0.00000000000000e+00
4.75000000000000e+00 0.00000000000000e+00 0.00000000000000e+00
4.76000000000000e+00 0.00000000000000e+00 0.00000000000000e+00
4.77000000000000e+00 0.00000000000000e+00 0.00000000000000e+00
4.78000000000000e+00 0.00000000000000e+00 0.00000000000000e+00
4.79000000000000e+00 0.00000000000000e+00 0.00000000000000e+00
4.80000000000000e+00 0.00000000000000e+00 0.00000000000000e+00
4.81000000000000e+00 0.00000000000000e+00 0.00000000000000e+00
4.82000000000000e+00 0.00000000000000e+00 0.00000000000000e+00
4.83000000000000e+00 0.00000000000000e+00 0.00000000000000e+00
4.84000000000000e+00 0.00000000000000e+00 0.00000000000000e+00
4.85000000000000e+00 0.00000000000000e+00 0.00000000000000e+00
4.86000000000000e+00 0.00000000000000e+00 0.00000000000000e+00
4.87000000000000e+00 0.00000000000000e+00 0.00000000000000e+00
4.88000000000000e+00 0.00000000000000e+00 0.00000000000000e+00
4.89000000000000e+00 0.00000000000000e+00 0.00000000000000e+00
4.90000000000000e+00 0.00000000000000e+00 0.00000000000000e+00
4.91000000000000e+00 0.00000000000000e+00 0.00000000000000e+00
4.92000000000000e+00 0.00000000000000e+00 0.00000000000000e+00
4.93000000000000e+00 0.00000000000000e+00 0.00000000000000e+00
4.94000000000000e+00 0.00000000000000e+00 0.00000000000000e+00
4.95000000000000e+00 0.00000000000000e+00 0.00000000000000e+00
4.96000000000000e+00 0.00000000000000e+00 0.00000000000000e+00
4.97000000000000e+00 0.00000000000000e+00 0.00000000000000e+00
4.98000000000000e+00 0.00000000000000e+00 0.00000000000000e+00
4.99000000000000e+00 0.00000000000000e+00 0.00000000000000e+00
5.00000000000000e+00 0.00000000000000e+00 0.00000000000000e+00
5.01000000000000e+00 0.00000000000000e+00 0.00000000000000e+00
5.02000000000000e+00 0.00000000000000e+00 0.00000000000000e+00
5.03000000000000e+00 0.00000000000000e+00 0.00000000000000e+00
5.04000000000000e+00 0.00000000000000e+00 0.00000000000000e+00
5.05000000000000e+00 0.00000000000000e+00 0.00000000000000e+00
5.06000000000000e+00 0.00000000000000e+00 0.00000000000000e+00
5.07000000000000e+00 0.00000000000000e+00 0.00000000000000e+00
5.08000000000000e+00 0.00000000000000e+00 0.00000000000000e+00
5.09000000000000e+00 0.00000000000000e+00 0.00000000000000e+00
5.10000000000000e+00 0.00000000000000e+00 0.00000000000000e+00
5.11000000000000e+00 0.00000000000000e+00 0.00000000000000e+00
5.12000000000000e+00 0.00000000000000e+00 0.00000000000000e+00
5.13000000000000e+00 0.00000000000000e+00 0.00000000000000e+00
5.14000000000000e+00 0.00000000000000e+00 0.00000000000000e+00
5.15000000000000e+00 0.00000000000000e+00 0.00000000000000e+00
5.16000000000000e+00 0.00000000000000e+00 0.00000000000000e+00
5.17000000000000e+00 0.00000000000000e+00 0.00000000000000e+00
5.18000000000000e+00 0.00000000000000e+00 0.00000000000000e+00
5.19000000000000e+00 0.00000000000000e+00 0.00000000000000e+00
5.20000000000000e+00 0.00000000000000e+00 0.00000000000000e+00
5.21000000000000e+00 0.00000000000000e+00 0.00000000000000e+00
5.22000000000000e+00 0.00000000000000e+00 0.00000000000000e+00
5.23000000000000e+00 0.00000000000000e+00 0.00000000000000e+00
5.24000000000000e+00 0.00000000000000e+00 0.00000000000000e+00
5.25000000000000e+00 0.00000000000000e+00 0.00000000000000e+00
5.26000000000000e+00 0.00000000000000e+00 0.00000000000000e+00
5.27000000000000e+00 0.00000000000000e+00 0.00000000000000e+00
5.28000000000000e+00 0.00000000000000e+00 0.00000000000000e+00
5.29000000000000e+00 0.00000000000000e+00 0.00000000000000e+00
5.30000000000000e+00 0.00000000000000e+00 0.00000000000000e+00
5.31000000000000e+00 0.00000000000000e+00 0.00000000000000e+00
5.32000000000000e+00 0.00000000000000e+00 0.00000000000000e+00
5.33000000000000e+00 0.00000000000000e+00 0.00000000000000e+00
5.34000000000000e+00 0.00000000000000e+00 0.00000000000000e+00
5.35000000000000e+00 0.00000000000000e+00 0.00000000000000e+00
5.36000000000000e+00 0.00000000000000e+00 0.00000000000000e+00
5.37000000000000e+00 0.00000000000000e+00 0.00000000000000e+00
5.38000000000000e+00 0.00000000000000e+00 0.00000000000000e+00
5.39000000000000e+00 0.00000000000000e+00 0.00000000000000e+00
5.40000000000000e+00 0.00000000000000e+00 0.00000000000000e+00
5.41000000000000e+00 0.00000000000000e+00 0.00000000000000e+00
5.42000000000000e+00 0.00000000000000e+00 0.00000000000000e+00
5.43000000000000e+00 0.00000000000000e+00 0.00000000000000e+00
5.44000000000000e+00 0.00000000000000e+00 0.00000000000000e+00
5.45000000000000e+00 0.00000000000000e+00 0.00000000000000e+00
5.46000000000000e+00 0.00000000000000e+00 0.00000000000000e+00
5.47000000000000e+00 0.00000000000000e+00 0.00000000000000e+00
5.48000000000000e+00 0.00000000000000e+00 0.00000000000000e+00
5.49000000000000e+00 0.00000000000000e+00 0.00000000000000e+00
5.50000000000000e+00 0.00000000000000e+00 0.00000000000000e+00
5.51000000000000e+00 0.00000000000000e+00 0.00000000000000e+00
5.52000000000000e+00 0.00000000000000e+00 0.00000000000000e+00
5.53000000000000e+00 0.00000000000000e+00 0.00000000000000e+00
5.54000000000000e+00 0.00000000000000e+00 0.00000000000000e+00
5.55000000000000e+00 0.00000000000000e+00 0.00000000000000e+00
5.56000000000000e+00 0.00000000000000e+00 0.00000000000000e+00
5.57000000000000e+00 0.00000000000000e+00 0.00000000000000e+00
5.58000000000000e+00 0.00000000000000e+00 0.00000000000000e+00
5.59000000000000e+00 0.00000000000000e+00 0.00000000000000e+00
5.60000000000000e+00 0.00000000000000e+00 0.00000000000000e+00
5.61000000000000e+00 0.00000000000000e+00 0.00000000000000e+00
5.62000000000000e+00 0.00000000000000e+00 0.00000000000000e+00
5.63000000000000e+00 0.00000000000000e+00 0.00000000000000e+00
5.64000000000000e+00 0.00000000000000e+00 0.00000000000000e+00
5.65000000000000e+00 0.00000000000000e+00 0.00000000000000e+00
5.66000000000000e+00 0.00000000000000e+00 0.00000000000000e+00
5.67000000000000e+00 0.00000000000000e+00 0.00000000000000e+00
5.68000000000000e+00 0.00000000000000e+00 0.00000000000000e+00
5.69000000000000e+00 0.00000000000000e+00 0.00000000000000e+00
5.70000000000000e+00 0.00000000000000e+00 0.00000000000000e+00
5.71000000000000e+00 0.00000000000000e+00 0.00000000000000e+00
5.72000000000000e+00 0.00000000000000e+00 0.00000000000000e+00
5.73000000000000e+00 0.00000000000000e+00 0.00000000000000e+00
5.74000000000000e+00 0.00000000000000e+00 0.00000000000000e+00
5.75000000000000e+00 0.00000000000000e+00 0.00000000000000e+00
5.76000000000000e+00 0.00000000000000e+00 0.00000000000000e+00
5.77000000000000e+00 0.00000000000000e+00 0.00000000000000e+00
5.78000000000000e+00 0.00000000000000e+00 0.00000000000000e+00
5.79000000000000e+00 0.00000000000000e+00 0.00000000000000e+00
5.80000000000000e+00 0.00000000000000e+00 0.00000000000000e+00
5.81000000000000e+00 0.00000000000000e+00 0.00000000000000e+00
5.82000000000000e+00 0.00000000000000e+00 0.00000000000000e+00
5.83000000000000e+00 0.00000000000000e+00 0.00000000000000e+00
5.84000000000000e+00 0.00000000000000e+00 0.00000000000000e+00
5.85000000000000e+00 0.00000000000000e+00 0.00000000000000e+00
5.86000000000000e+00 0.00000000000000e+00 0.00000000000000e+00
5.87000000000000e+00 0.00000000000000e+00 0.00000000000000e+00
5.88000000000000e+00 0.00000000000000e+00 0.00000000000000e+00
5.89000000000000e+00 0.00000000000000e+00 0.00000000000000e+00
5.90000000000000e+00 0.00000000000000e+00 0.00000000000000e+00
5.91000000000000e+00 0.00000000000000e+00 0.00000000000000e+00
5.92000000000000e+00 0.00000000000000e+00 0.00000000000000e+00
5.93000000000000e+00 0.00000000000000e+00 0.00000000000000e+00
5.94000000000000e+00 0.00000000000000e+00 0.00000000000000e+00
5.95000000000000e+00 0.00000000000000e+00 0.00000000000000e+00
5.96000000000000e+00 0.00000000000000e+00 0.00000000000000e+00
5.97000000000000e+00 0.00000000000000e+00 0.00000000000000e+00
5.98000000000000e+00 0.00000000000000e+00 0.00000000000000e+00
5.99000000000000e+00 0.00000000000000e+00 0.00000000000000e+00
