4.80769230769230e-004  -2.37917671641020e+000
4.92644230769230e-004  -2.37917678608030e+000
5.04812543269230e-004  -2.37917685394170e+000
5.17281413087980e-004  -2.37917692003140e+000
5.30058263991250e-004  -2.37917698438540e+000
5.43150703111840e-004  -2.37917704703840e+000
5.56566525478700e-004  -2.37917710802380e+000
5.70313718658020e-004  -2.37917716737410e+000
5.84400467508880e-004  -2.37917722512030e+000
5.98835159056350e-004  -2.37917728129250e+000
6.13626387485040e-004  -2.37917733591950e+000
6.28782959255920e-004  -2.37917738902900e+000
6.44313898349540e-004  -2.37917744064750e+000
6.60228451638770e-004  -2.37917749080040e+000
6.76536094394250e-004  -2.37917753951190e+000
6.93246535925790e-004  -2.37917758680530e+000
7.10369725363160e-004  -2.37917763270250e+000
7.27915857579630e-004  -2.37917767722420e+000
7.45895379261840e-004  -2.37917772039030e+000
7.64318995129610e-004  -2.37917776221930e+000
7.83197674309310e-004  -2.37917780272850e+000
8.02542656864750e-004  -2.37917784193420e+000
8.22365460489310e-004  -2.37917787985140e+000
8.42677887363400e-004  -2.37917791649410e+000
8.63492031181270e-004  -2.37917795187500e+000
8.84820284351450e-004  -2.37917798600540e+000
9.06675345374930e-004  -2.37917801889570e+000
9.29070226405690e-004  -2.37917805055500e+000
9.52018260997910e-004  -2.37917808099080e+000
9.75533112044560e-004  -2.37917811020980e+000
9.99628779912060e-004  -2.37917813821710e+000
1.02431961077590e-003  -2.37917816501650e+000
1.04962030516210e-003  -2.37917819061050e+000
1.07554592669960e-003  -2.37917821500010e+000
1.10211191108900e-003  -2.37917823818510e+000
1.12933407529290e-003  -2.37917826016350e+000
1.15722862695270e-003  -2.37917828093220e+000
1.18581217403840e-003  -2.37917830048630e+000
1.21510173473710e-003  -2.37917831881920e+000
1.24511474758520e-003  -2.37917833592310e+000
1.27586908185050e-003  -2.37917835178800e+000
1.30738304817220e-003  -2.37917836640260e+000
1.33967540946210e-003  -2.37917837975360e+000
1.37276539207580e-003  -2.37917839182590e+000
1.40667269726010e-003  -2.37917840260240e+000
1.44141751288240e-003  -2.37917841206400e+000
1.47702052545060e-003  -2.37917842018990e+000
1.51350293242920e-003  -2.37917842695660e+000
1.55088645486020e-003  -2.37917843233890e+000
1.58919335029530e-003  -2.37917843630900e+000
1.62844642604750e-003  -2.37917843883680e+000
1.66866905277090e-003  -2.37917843988970e+000
1.70988517837440e-003  -2.37917843943260e+000
1.75211934228020e-003  -2.37917843742760e+000
1.79539669003450e-003  -2.37917843383410e+000
1.83974298827840e-003  -2.37917842860850e+000
1.88518464008890e-003  -2.37917842170410e+000
1.93174870069900e-003  -2.37917841307120e+000
1.97946289360630e-003  -2.37917840265660e+000
2.02835562707840e-003  -2.37917839040390e+000
2.07845601106720e-003  -2.37917837625280e+000
2.12979387454060e-003  -2.37917836013930e+000
2.18239978324170e-003  -2.37917834199560e+000
2.23630505788780e-003  -2.37917832174950e+000
2.29154179281760e-003  -2.37917829932490e+000
2.34814287510020e-003  -2.37917827464080e+000
2.40614200411520e-003  -2.37917824761160e+000
2.46557371161690e-003  -2.37917821814680e+000
2.52647338229380e-003  -2.37917818615070e+000
2.58887727483650e-003  -2.37917815152230e+000
2.65282254352490e-003  -2.37917811415460e+000
2.71834726035000e-003  -2.37917807393500e+000
2.78549043768060e-003  -2.37917803074460e+000
2.85429205149130e-003  -2.37917798445780e+000
2.92479306516320e-003  -2.37917793494240e+000
2.99703545387270e-003  -2.37917788205880e+000
3.07106222958340e-003  -2.37917782566010e+000
3.14691746665410e-003  -2.37917776559140e+000
3.22464632808040e-003  -2.37917770168970e+000
3.30429509238400e-003  -2.37917763378310e+000
3.38591118116590e-003  -2.37917756169080e+000
3.46954318734070e-003  -2.37917748522250e+000
3.55524090406800e-003  -2.37917740417780e+000
3.64305535439850e-003  -2.37917731834590e+000
3.73303882165210e-003  -2.37917722750500e+000
3.82524488054690e-003  -2.37917713142180e+000
3.91972842909640e-003  -2.37917702985080e+000
4.01654572129510e-003  -2.37917692253400e+000
4.11575440061110e-003  -2.37917680919980e+000
4.21741353430620e-003  -2.37917668956300e+000
4.32158364860360e-003  -2.37917656332350e+000
4.42832676472410e-003  -2.37917643016580e+000
4.53770643581280e-003  -2.37917628975830e+000
4.64978778477730e-003  -2.37917614175250e+000
4.76463754306130e-003  -2.37917598578200e+000
4.88232409037490e-003  -2.37917582146190e+000
5.00291749540720e-003  -2.37917564838760e+000
5.12648955754380e-003  -2.37917546613370e+000
5.25311384961510e-003  -2.37917527425370e+000
5.38286576170060e-003  -2.37917507227790e+000
5.51582254601460e-003  -2.37917485971320e+000
5.65206336290120e-003  -2.37917463604130e+000
5.79166932796480e-003  -2.37917440071760e+000
5.93472356036550e-003  -2.37917415317020e+000
6.08131123230660e-003  -2.37917389279800e+000
6.23151961974450e-003  -2.37917361896970e+000
6.38543815435220e-003  -2.37917333102210e+000
6.54315847676470e-003  -2.37917302825860e+000
6.70477449114080e-003  -2.37917270994710e+000
6.87038242107200e-003  -2.37917237531900e+000
7.04008086687250e-003  -2.37917202356660e+000
7.21397086428420e-003  -2.37917165384190e+000
7.39215594463200e-003  -2.37917126525370e+000
7.57474219646450e-003  -2.37917085686610e+000
7.76183832871710e-003  -2.37917042769630e+000
7.95355573543640e-003  -2.37916997671160e+000
8.15000856210170e-003  -2.37916950282750e+000
8.35131377358560e-003  -2.37916900490490e+000
8.55759122379320e-003  -2.37916848174730e+000
8.76896372702090e-003  -2.37916793209810e+000
8.98555713107830e-003  -2.37916735463730e+000
9.20750039221590e-003  -2.37916674797860e+000
9.43492565190370e-003  -2.37916611066570e+000
9.66796831550570e-003  -2.37916544116930e+000
9.90676713289870e-003  -2.37916473788280e+000
1.01514642810810e-002  -2.37916399911900e+000
1.04022054488240e-002  -2.37916322310560e+000
1.06591399234100e-002  -2.37916240798110e+000
1.09224206795180e-002  -2.37916155179030e+000
1.11922044703020e-002  -2.37916065247950e+000
1.14686519207190e-002  -2.37915970789160e+000
1.17519276231600e-002  -2.37915871576060e+000
1.20422002354530e-002  -2.37915767370670e+000
1.23396425812680e-002  -2.37915657922970e+000
1.26444317530260e-002  -2.37915542970380e+000
1.29567492173250e-002  -2.37915422237050e+000
1.32767809229930e-002  -2.37915295433210e+000
1.36047174117910e-002  -2.37915162254490e+000
1.39407539318620e-002  -2.37915022381130e+000
1.42850905539790e-002  -2.37914875477250e+000
1.46379322906630e-002  -2.37914721189980e+000
1.49994892182420e-002  -2.37914559148620e+000
1.53699766019330e-002  -2.37914388963750e+000
1.57496150240000e-002  -2.37914210226210e+000
1.61386305150930e-002  -2.37914022506160e+000
1.65372546888160e-002  -2.37913825351990e+000
1.69457248796300e-002  -2.37913618289210e+000
1.73642842841570e-002  -2.37913400819270e+000
1.77931821059750e-002  -2.37913172418340e+000
1.82326737039930e-002  -2.37912932535970e+000
1.86830207444810e-002  -2.37912680593800e+000
1.91444913568700e-002  -2.37912415984030e+000
1.96173602933850e-002  -2.37912138067960e+000
2.01019090926310e-002  -2.37911846174360e+000
2.05984262472190e-002  -2.37911539597830e+000
2.11072073755260e-002  -2.37911217596950e+000
2.16285553977010e-002  -2.37910879392490e+000
2.21627807160240e-002  -2.37910524165400e+000
2.27102013997100e-002  -2.37910151054730e+000
2.32711433742830e-002  -2.37909759155450e+000
2.38459406156280e-002  -2.37909347516150e+000
2.44349353488340e-002  -2.37908915136590e+000
2.50384782519500e-002  -2.37908460965130e+000
2.56569286647730e-002  -2.37907983896050e+000
2.62906548027930e-002  -2.37907482766650e+000
2.69400339764220e-002  -2.37906956354270e+000
2.76054528156400e-002  -2.37906403373060e+000
2.82873075001860e-002  -2.37905822470670e+000
2.89860039954410e-002  -2.37905212224640e+000
2.97019582941280e-002  -2.37904571138690e+000
3.04355966639930e-002  -2.37903897638720e+000
3.11873559015940e-002  -2.37903190068650e+000
3.19576835923630e-002  -2.37902446685930e+000
3.27470383770940e-002  -2.37901665656920e+000
3.35558902250090e-002  -2.37900845051850e+000
3.43847207135660e-002  -2.37899982839610e+000
3.52340233151910e-002  -2.37899076882210e+000
3.61043036910770e-002  -2.37898124928820e+000
3.69960799922460e-002  -2.37897124609590e+000
3.79098831680550e-002  -2.37896073429000e+000
3.88462572823060e-002  -2.37894968758860e+000
3.98057598371790e-002  -2.37893807830870e+000
4.07889621051570e-002  -2.37892587728750e+000
4.17964494691540e-002  -2.37891305379810e+000
4.28288217710420e-002  -2.37889957546110e+000
4.38866936687870e-002  -2.37888540814960e+000
4.49706950024060e-002  -2.37887051588930e+000
4.60814711689660e-002  -2.37885486075130e+000
4.72196835068390e-002  -2.37883840273880e+000
4.83860096894580e-002  -2.37882109966590e+000
4.95811441287880e-002  -2.37880290702930e+000
5.08057983887690e-002  -2.37878377787080e+000
5.20607016089710e-002  -2.37876366263170e+000
5.33466009387130e-002  -2.37874250899660e+000
5.46642619818990e-002  -2.37872026172740e+000
5.60144692528520e-002  -2.37869686248590e+000
5.73980266433970e-002  -2.37867224964480e+000
5.88157579014890e-002  -2.37864635808460e+000
6.02685071216560e-002  -2.37861911897810e+000
6.17571392475610e-002  -2.37859045955890e+000
6.32825405869760e-002  -2.37856030287350e+000
6.48456193394740e-002  -2.37852856751670e+000
6.64473061371590e-002  -2.37849516734790e+000
6.80885545987470e-002  -2.37846001118650e+000
6.97703418973360e-002  -2.37842300248580e+000
7.14936693422000e-002  -2.37838403898310e+000
7.32595629749520e-002  -2.37834301232400e+000
7.50690741804340e-002  -2.37829980765870e+000
7.69232803126900e-002  -2.37825430320850e+000
7.88232853364140e-002  -2.37820636979940e+000
8.07702204842230e-002  -2.37815587036070e+000
8.27652449301830e-002  -2.37810265938520e+000
8.48095464799590e-002  -2.37804658234760e+000
8.69043422780140e-002  -2.37798747507860e+000
8.90508795322810e-002  -2.37792516308960e+000
9.12504362567280e-002  -2.37785946084470e+000
9.35043220322690e-002  -2.37779017097550e+000
9.58138787864670e-002  -2.37771708343300e+000
9.81804815924920e-002  -2.37763997457190e+000
1.00605539487830e-001  -2.37755860616190e+000
1.03090496313180e-001  -2.37747272431790e+000
1.05636831572110e-001  -2.37738205834440e+000
1.08246061311940e-001  -2.37728631948500e+000
1.10919739026350e-001  -2.37718519956890e+000
1.13659456580300e-001  -2.37707836954620e+000
1.16466845157830e-001  -2.37696547790200e+000
1.19343576233230e-001  -2.37684614893770e+000
1.22291362566190e-001  -2.37671998090960e+000
1.25311959221580e-001  -2.37658654401110e+000
1.28407164614350e-001  -2.37644537818490e+000
1.31578821580320e-001  -2.37629599075100e+000
1.34828818473360e-001  -2.37613785383340e+000
1.38159090289650e-001  -2.37597040156980e+000
1.41571619819800e-001  -2.37579302708220e+000
1.45068438829350e-001  -2.37560507919140e+000
1.48651629268440e-001  -2.37540585884990e+000
1.52323324511370e-001  -2.37519461527170e+000
1.56085710626800e-001  -2.37497054172980e+000
1.59941027679280e-001  -2.37473277099640e+000
1.63891571062960e-001  -2.37448037039220e+000
1.67939692868210e-001  -2.37421233641360e+000
1.72087803282060e-001  -2.37392758890130e+000
1.76338372023130e-001  -2.37362496471240e+000
1.80693929812100e-001  -2.37330321085430e+000
1.85157069878460e-001  -2.37296097703580e+000
1.89730449504450e-001  -2.37259680758960e+000
1.94416791607210e-001  -2.37220913271250e+000
1.99218886359910e-001  -2.37179625897170e+000
2.04139592853000e-001  -2.37135635901800e+000
2.09181840796470e-001  -2.37088746044450e+000
2.14348632264140e-001  -2.37038743372560e+000
2.19643043481070e-001  -2.36985397916850e+000
2.25068226655050e-001  -2.36928461280320e+000
2.30627411853430e-001  -2.36867665113590e+000
2.36323908926210e-001  -2.36802719468690e+000
2.42161109476690e-001  -2.36733311022930e+000
2.48142488880760e-001  -2.36659101164540e+000
2.54271608356120e-001  -2.36579723931260e+000
2.60552117082510e-001  -2.36494783793040e+000
2.66987754374450e-001  -2.36403853270120e+000
2.73582351907500e-001  -2.36306470377560e+000
2.80339835999610e-001  -2.36202135887710e+000
2.87264229948800e-001  -2.36090310402470e+000
2.94359656428540e-001  -2.35970411227750e+000
3.01630339942330e-001  -2.35841809043520e+000
3.09080609338900e-001  -2.35703824363840e+000
3.16714900389570e-001  -2.35555723783030e+000
3.24537758429190e-001  -2.35396716006000e+000
3.32553841062390e-001  -2.35225947663250e+000
3.40767920936640e-001  -2.35042498914220e+000
3.49184888583770e-001  -2.34845378846390e+000
3.57809755331790e-001  -2.34633520682220e+000
3.66647656288490e-001  -2.34405776811360e+000
3.75703853398810e-001  -2.34160913672480e+000
3.84983738577760e-001  -2.33897606516480e+000
3.94492836920630e-001  -2.33614434092400e+000
4.04236809992570e-001  -2.33309873307810e+000
4.14221459199390e-001  -2.32982293928190e+000
4.24452729241610e-001  -2.32629953394110e+000
4.34936711653880e-001  -2.32250991851970e+000
4.45679648431730e-001  -2.31843427512630e+000
4.56687935748000e-001  -2.31405152474670e+000
4.67968127760970e-001  -2.30933929172980e+000
4.79526940516670e-001  -2.30427387641520e+000
4.91371255947430e-001  -2.29883023809890e+000
5.03508125969330e-001  -2.29298199088070e+000
5.15944776680770e-001  -2.28670141531390e+000
5.28688612664790e-001  -2.27995948920050e+000
5.41747221397610e-001  -2.27272594132540e+000
5.55128377766130e-001  -2.26496933241270e+000
5.68840048696950e-001  -2.25665716810830e+000
5.82890397899770e-001  -2.24775604933660e+000
5.97287790727890e-001  -2.23823186594600e+000
6.12040799158870e-001  -2.22805004012670e+000
6.27158206898090e-001  -2.21717582665080e+000
6.42649014608480e-001  -2.20557467751550e+000
6.58522445269310e-001  -2.19321267905580e+000
6.74787949667460e-001  -2.18005706998540e+000
6.91455212024240e-001  -2.16607684909010e+000
7.08534155761240e-001  -2.15124348138720e+000
7.26034949408540e-001  -2.13553171140770e+000
7.43968012658940e-001  -2.11892049178320e+000
7.62344022571610e-001  -2.10139403443530e+000
7.81173919929130e-001   -2.08294299025370e+000
8.00468915751380e-001   -2.06356576108810e+000
8.20240497970440e-001   -2.04326994499590e+000
8.40500438270310e-001   -2.02207391181210e+000
8.61260799095590e-001   -2.00000850100860e+000
8.82533940833250e-001   -1.97711882723050e+000
9.04332529171830e-001   -1.95346617055020e+000
9.26669542642370e-001   -1.92912991799910e+000
9.49558280345640e-001   -1.90420950994890e+000
9.73012369870180e-001   -1.87882632895360e+000
9.97045775405970e-001   -1.85312544925120e+000
1.02167280605850e+000   -1.82727714172460e+000
1.04690812436810e+000   -1.80147800121270e+000
1.07276675504000e+000   -1.77595153015080e+000
1.09926409388950e+000   -1.75094797426700e+000
1.12641591700860e+000   -1.72674316239860e+000
1.15423839015870e+000   -1.70363605386190e+000
1.18274807839560e+000   -1.68194464452700e+000
1.21196195593200e+000   -1.66199982945960e+000
1.24189741624350e+000   -1.64413677045370e+000
1.27257228242470e+000   -1.62868327877890e+000
1.30400481780060e+000   -1.61594470916960e+000
1.33621373680030e+000   -1.60618488866670e+000
1.36921821609930e+000   -1.59960269957360e+000
1.40303790603690e+000   -1.59630413597920e+000
1.43769294231600e+000   -1.59627000709950e+000
1.47320395799120e+000   -1.59932003178270e+000
1.50959209575360e+000   -1.60507493642490e+000
1.54687902051870e+000   -1.61291942822500e+000
1.58508693232550e+000   -1.62197067527070e+000
1.62423857955400e+000   -1.63105930106850e+000
1.66435727246900e+000   -1.63873301420470e+000
1.70546689709900e+000   -1.64329696746920e+000
1.74759192945730e+000   -1.64290991667540e+000
1.79075745011490e+000   -1.63576143686660e+000
1.83498915913270e+000   -1.62036321574490e+000
1.88031339136330e+000   -1.59599699436510e+000
1.92675713213000e+000   -1.56337518004510e+000
1.97434803329360e+000   -1.52559237818410e+000
2.02311442971590e+000   -1.48769912983470e+000
2.07308535612990e+000   -1.45093631784040e+000
2.12429056442630e+000   -1.41523766318490e+000
2.17676054136770e+000   -1.38054481874760e+000
2.23052652673940e+000   -1.34680631294460e+000
2.28562053194990e+000   -1.31397659348320e+000
2.34207535908910e+000   -1.28201517650490e+000
2.39992462045860e+000   -1.25088589977990e+000
2.45920275858390e+000   -1.22055627444920e+000
2.51994506672090e+000   -1.19099692741790e+000
2.58218770986890e+000   -1.16218112537540e+000
2.64596774630270e+000   -1.13408437112490e+000
2.71132314963640e+000   -1.10668406315220e+000
2.77829283143240e+000   -1.07995920993100e+000
2.84691666436880e+000   -1.05389019119680e+000
2.91723550597870e+000   -1.02845855923140e+000
2.98929122297630e+000   -1.00364687400860e+000
3.06312671618390e+000   -9.79438566834500e-001
3.13878594607360e+000   -9.55817827838080e-001
3.21631395894160e+000   -9.32769513326360e-001
3.29575691372750e+000   -9.10279069605410e-001
3.37716210949650e+000   -8.88332470388410e-001
3.46057801360110e+000   -8.66916165364740e-001
3.54605429053710e+000   -8.46017037897230e-001
3.63364183151330e+000   -8.25622370153000e-001
3.72339278475170e+000   -8.05719814262040e-001
3.81536058653510e+000   -7.86297368343830e-001
3.90959999302250e+000   -7.67343356449620e-001
4.00616711285010e+000   -7.48846411642790e-001
4.10511944053750e+000   -7.30795461585650e-001
4.20651589071880e+000   -7.13179716122180e-001
4.31041683321960e+000   -6.95988656446950e-001
4.41688412900010e+000   -6.79212025532590e-001
4.52598116698640e+000   -6.62839819555910e-001
4.63777290181100e+000   -6.46862280117460e-001
4.75232589248570e+000   -6.31269887093440e-001
4.86970834203010e+000   -6.16053351994610e-001
4.98999013807820e+000   -6.01203611734830e-001
5.11324289448880e+000   -5.86711822734290e-001
5.23953999398260e+000   -5.72569355300120e-001
5.36895663183400e+000   -5.58767788240500e-001
5.50156986064030e+000   -5.45298903679050e-001
5.63745863619810e+000   -5.32154682044340e-001
5.77670386451220e+000   -5.19327297215410e-001
5.91938844996570e+000   -5.06809111808760e-001
6.06559734467980e+000   -4.94592672595870e-001
6.21541759909340e+000   -4.82670706042520e-001
6.36893841379100e+000   -4.71036113963390e-001
6.52625119261170e+000   -4.59681969286380e-001
6.68744959706920e+000   -4.48601511922410e-001
6.85262960211680e+000   -4.37788144736930e-001
7.02188955328910e+000   -4.27235429619770e-001
7.19533022525530e+000   -4.16937083650700e-001
7.37305488181910e+000   -4.06886975357880e-001
7.55516933740000e+000   -3.97079121066780e-001
7.74178202003380e+000   -3.87507681337380e-001
7.93300403592860e+000   -3.78166957487260e-001
8.12894923561610e+000   -3.69051388198670e-001
8.32973428173580e+000   -3.60155546207310e-001
8.53547871849470e+000   -3.51474135071040e-001
8.74630504284150e+000   -3.43001986016430e-001
8.96233877739970e+000   -3.34734054861350e-001
9.18370854520140e+000   -3.26665419011760e-001
9.41054614626790e+000   -3.18791274530850e-001
9.64298663608070e+000   -3.11106933278860e-001
9.88116840599190e+000   -3.03607820121850e-001
1.01252332656200e+001   -2.96289470207720e-001
1.03753265272810e+001   -2.89147526307920e-001
1.06315970925050e+001   -2.82177736223210e-001
1.08941975406890e+001   -2.75375950251980e-001
1.11632842199440e+001   -2.68738118719610e-001
1.14390173401770e+001   -2.62260289567300e-001
1.17215610684790e+001   -2.55938605999120e-001
1.20110836268710e+001   -2.49769304185740e-001
1.23077573924550e+001   -2.43748711023460e-001
1.26117590000480e+001   -2.37873241947360e-001
1.29232694473490e+001   -2.32139398797070e-001
1.32424742026990e+001   -2.26543767734040e-001
1.35695633155060e+001   -2.21083017208980e-001
1.39047315293990e+001   -2.15753895978320e-001
1.42481783981750e+001   -2.10553231168460e-001
1.46001084046100e+001   -2.05477926386700e-001
1.49607310822040e+001   -2.00524959877720e-001
1.53302611399340e+001   -1.95691382724430e-001
1.57089185900900e+001   -1.90974317092250e-001
1.60969288792660e+001   -1.86370954515710e-001
1.64945230225830e+001   -1.81878554226320e-001
1.69019377412410e+001   -1.77494441520760e-001
1.73194156034500e+001   -1.73216006168400e-001
1.77472051688550e+001   -1.69040700857220e-001
1.81855611365260e+001   -1.64966039677200e-001
1.86347444965980e+001   -1.60989596640180e-001
1.90950226856640e+001   -1.57109004235570e-001
1.95666697460000e+001   -1.53321952020650e-001
2.00499664887260e+001   -1.49626185245100e-001
2.05452006609980e+001   -1.46019503508440e-001
2.10526671173240e+001   -1.42499759450020e-001
2.15726679951220e+001   -1.39064857470500e-001
2.21055128946020e+001   -1.35712752484140e-001
2.26515190630980e+001   -1.32441448701220e-001
2.32110115839570e+001   -1.29248998439760e-001
2.37843235700810e+001   -1.26133500965900e-001
2.43717963622620e+001   -1.23093101362250e-001
2.49737797324090e+001   -1.20125989423490e-001
2.55906320918000e+001   -1.17230398578600e-001
2.62227207044670e+001   -1.14404604839080e-001
2.68704219058680e+001   -1.11646925772500e-001
2.75341213269430e+001   -1.08955719500830e-001
2.82142141237180e+001   -1.06329383722870e-001
2.89111052125740e+001   -1.03766354760290e-001
2.96252095113250e+001   -1.01265106626610e-001
3.03569521862540e+001   -9.88241501186820e-002
3.11067689052550e+001   -9.64420319300100e-002
3.18751060972150e+001   -9.41173337855080e-002
3.26624212178160e+001   -9.18486715970610e-002
3.34691830218960e+001   -8.96346946394660e-002
3.42958718425370e+001   -8.74740847462340e-002
3.51429798770470e+001   -8.53655555247720e-002
3.60110114800100e+001   -8.33078515904870e-002
3.69004834635670e+001   -8.12997478193490e-002
3.78119254051170e+001   -7.93400486184730e-002
3.87458799626230e+001   -7.74275872142800e-002
3.97029031977000e+001   -7.55612249578220e-002
4.06835649066830e+001   -7.37398506468450e-002
4.16884489598780e+001   -7.19623798641990e-002
4.27181536491870e+001   -7.02277543321940e-002
4.37732920443220e+001   -6.85349412825160e-002
4.48544923578170e+001   -6.68829328413350e-002
4.59623983190550e+001   -6.52707454292330e-002
4.70976695575360e+001   -6.36974191755960e-002
4.82609819956070e+001   -6.21620173471220e-002
4.94530282508980e+001   -6.06636257901060e-002
5.06745180486950e+001   -5.92013523861680e-002
5.19261786444980e+001   -5.77743265210970e-002
5.32087552570170e+001   -5.63816985665040e-002
5.45230115118660e+001   -5.50226393739670e-002
5.58697298962090e+001   -5.36963397813670e-002
5.72497122246450e+001   -5.24020101311280e-002
5.86637801165940e+001   -5.11388798000670e-002
6.01127754854740e+001   -4.99061967405750e-002
6.15975610399650e+001   -4.87032270328630e-002
6.31190207976520e+001   -4.75292544479970e-002
6.46780606113540e+001   -4.63835800214670e-002
6.62756087084540e+001   -4.52655216370320e-002
6.79126162435530e+001   -4.41744136206040e-002
6.95900578647690e+001   -4.31096063439090e-002
7.13089322940290e+001   -4.20704658377170e-002
7.30702629216910e+001   -4.10563734143820e-002
7.48750984158570e+001   -4.00667252994850e-002
7.67245133467290e+001   -3.91009322723580e-002
7.86196088263930e+001   -3.81584193152700e-002