8.92857142857140e-04 1.07832652749596e+00
9.14910714285710e-04 1.07832652749596e+00
9.37509008928570e-04 1.07832652749593e+00
9.60665481449110e-04 1.07832652749590e+00
9.84393918840900e-04 1.07832652770335e+00
1.00870844863630e-03 1.07832652780852e+00
1.03362354731760e-03 1.07832652782515e+00
1.05915404893630e-03 1.07832652774780e+00
1.08531515394510e-03 1.07832652757339e+00
1.11212243824750e-03 1.07832652729943e+00
1.13959186247220e-03 1.07832652692251e+00
1.16773978147530e-03 1.07832652643943e+00
1.19658295407770e-03 1.07832652584688e+00
1.22613855304340e-03 1.07832652514100e+00
1.25642417530360e-03 1.07832652431781e+00
1.28745785243360e-03 1.07832652337316e+00
1.31925806138870e-03 1.07832652230264e+00
1.35184373550500e-03 1.07832652110160e+00
1.38523427577200e-03 1.07832651976499e+00
1.41944956238360e-03 1.07832651828770e+00
1.45450996657440e-03 1.07832651666404e+00
1.49043636274880e-03 1.07832651488823e+00
1.52725014090870e-03 1.07832651295401e+00
1.56497321938920e-03 1.07832651085489e+00
1.60362805790810e-03 1.07832650858401e+00
1.64323767093840e-03 1.07832650613408e+00
1.68382564141060e-03 1.07832650349736e+00
1.72541613475340e-03 1.07832650066595e+00
1.76803391328180e-03 1.07832649763112e+00
1.81170435093990e-03 1.07832649438397e+00
1.85645344840810e-03 1.07832649091513e+00
1.90230784858380e-03 1.07832648721453e+00
1.94929485244380e-03 1.07832648327183e+00
1.99744243529920e-03 1.07832647907586e+00
2.04677926345110e-03 1.07832647461514e+00
2.09733471125830e-03 1.07832646987745e+00
2.14913887862640e-03 1.07832646484991e+00
2.20222260892850e-03 1.07832645951897e+00
2.25661750736900e-03 1.07832645387050e+00
2.31235595980100e-03 1.07832644788949e+00
2.36947115200810e-03 1.07832644156027e+00
2.42799708946270e-03 1.07832643486631e+00
2.48796861757240e-03 1.07832642779025e+00
2.54942144242650e-03 1.07832642031380e+00
2.61239215205440e-03 1.07832641241782e+00
2.67691823821010e-03 1.07832640408210e+00
2.74303811869390e-03 1.07832639528542e+00
2.81079116022570e-03 1.07832638600551e+00
2.88021770188320e-03 1.07832637621906e+00
2.95135907911970e-03 1.07832636590132e+00
3.02425764837400e-03 1.07832635502652e+00
3.09895681228880e-03 1.07832634356748e+00
3.17550104555240e-03 1.07832633149564e+00
3.25393592137750e-03 1.07832631878110e+00
3.33430813863550e-03 1.07832630539233e+00
3.41666554965980e-03 1.07832629129622e+00
3.50105718873640e-03 1.07832627645802e+00
3.58753330129820e-03 1.07832626084126e+00
3.67614537384030e-03 1.07832624440755e+00
3.76694616457420e-03 1.07832622711661e+00
3.85998973483910e-03 1.07832620892623e+00
3.95533148128970e-03 1.07832618979183e+00
4.05302816887750e-03 1.07832616966684e+00
4.15313796464880e-03 1.07832614850220e+00
4.25572047237560e-03 1.07832612624643e+00
4.36083676804330e-03 1.07832610284548e+00
4.46854943621400e-03 1.07832607824253e+00
4.57892260728840e-03 1.07832605237800e+00
4.69202199568850e-03 1.07832602518918e+00
4.80791493898200e-03 1.07832599661036e+00
4.92667043797480e-03 1.07832596657245e+00
5.04835919779280e-03 1.07832593500290e+00
5.17305366997830e-03 1.07832590182553e+00
5.30082809562680e-03 1.07832586696034e+00
5.43175854958870e-03 1.07832583032335e+00
5.56592298576360e-03 1.07832579182631e+00
5.70340128351190e-03 1.07832575137659e+00
5.84427529521470e-03 1.07832570887691e+00
5.98862889500650e-03 1.07832566422511e+00
6.13654802871310e-03 1.07832561731394e+00
6.28812076502240e-03 1.07832556803070e+00
6.44343734791840e-03 1.07832551625716e+00
6.60259025041200e-03 1.07832546186906e+00
6.76567422959720e-03 1.07832540473600e+00
6.93278638306820e-03 1.07832534472100e+00
7.10402620673000e-03 1.07832528168024e+00
7.27949565403620e-03 1.07832521546270e+00
7.45929919669090e-03 1.07832514590982e+00
7.64354388684920e-03 1.07832507285505e+00
7.83233942085440e-03 1.07832499612356e+00
8.02579820454950e-03 1.07832491553174e+00
8.22403542020180e-03 1.07832483088680e+00
8.42716909508080e-03 1.07832474198630e+00
8.63532017172930e-03 1.07832464861767e+00
8.84861257997100e-03 1.07832455055771e+00
9.06717331069630e-03 1.07832444757204e+00
9.29113249147050e-03 1.07832433941455e+00
9.52062346400980e-03 1.07832422582682e+00
9.75578286357090e-03 1.07832410653751e+00
9.99675070030110e-03 1.07832398126176e+00
1.02436704425990e-02 1.07832384970035e+00
1.04966891025310e-02 1.07832371153908e+00
1.07559573233630e-02 1.07832356644825e+00
1.10216294692500e-02 1.07832341408132e+00
1.12938637171410e-02 1.07832325407473e+00
1.15728221509540e-02 1.07832308604659e+00
1.18586708580830e-02 1.07832290959580e+00
1.21515800282770e-02 1.07832272430155e+00
1.24517240549760e-02 1.07832252972152e+00
1.27592816391340e-02 1.07832232539165e+00
1.30744358956200e-02 1.07832211082453e+00
1.33973744622420e-02 1.07832188550826e+00
1.37282896114600e-02 1.07832164890537e+00
1.40673783648630e-02 1.07832140045177e+00
1.44148426104750e-02 1.07832113955477e+00
1.47708892229530e-02 1.07832086559239e+00
1.51357301867600e-02 1.07832057791113e+00
1.55095827223730e-02 1.07832027582526e+00
1.58926694156160e-02 1.07831995861438e+00
1.62852183501820e-02 1.07831962552229e+00
1.66874632434310e-02 1.07831927575490e+00
1.70996435855440e-02 1.07831890847837e+00
1.75220047821070e-02 1.07831852281717e+00
1.79547983002250e-02 1.07831811785195e+00
1.83982818182400e-02 1.07831769261755e+00
1.88527193791510e-02 1.07831724610020e+00
1.93183815478160e-02 1.07831677723572e+00
1.97955455720470e-02 1.07831628490665e+00
2.02844955476770e-02 1.07831576793952e+00
2.07855225877040e-02 1.07831522510225e+00
2.12989249956200e-02 1.07831465510119e+00
2.18250084430120e-02 1.07831405657775e+00
2.23640861515550e-02 1.07831342810563e+00
2.29164790794980e-02 1.07831276818718e+00
2.34825161127620e-02 1.07831207524962e+00
2.40625342607470e-02 1.07831134764171e+00
2.46568788569870e-02 1.07831058362952e+00
2.52659037647550e-02 1.07830978139235e+00
2.58899715877440e-02 1.07830893901849e+00
2.65294538859620e-02 1.07830805450048e+00
2.71847313969450e-02 1.07830712573059e+00
2.78561942624490e-02 1.07830615049549e+00
2.85442422607320e-02 1.07830512647116e+00
2.92492850445720e-02 1.07830405121731e+00
2.99717423851730e-02 1.07830292217155e+00
3.07120444220870e-02 1.07830173664318e+00
3.14706319193120e-02 1.07830049180693e+00
3.22479565277190e-02 1.07829918469608e+00
3.30444810539540e-02 1.07829781219540e+00
3.38606797359870e-02 1.07829637103376e+00
3.46970385254650e-02 1.07829485777630e+00
3.55540553770440e-02 1.07829326881603e+00
3.64322405448570e-02 1.07829160036551e+00
3.73321168863150e-02 1.07828984844750e+00
3.82542201734070e-02 1.07828800888562e+00
3.91990994116910e-02 1.07828607729418e+00
4.01673171671590e-02 1.07828404906788e+00
4.11594499011880e-02 1.07828191937043e+00
4.21760883137480e-02 1.07827968312322e+00
4.32178376950970e-02 1.07827733499304e+00
4.42853182861660e-02 1.07827486937907e+00
4.53791656478340e-02 1.07827228039962e+00
4.65000310393360e-02 1.07826956187774e+00
4.76485818060070e-02 1.07826670732645e+00
4.88255017766160e-02 1.07826370993291e+00
5.00314916704980e-02 1.07826056254207e+00
5.12672695147590e-02 1.07825725763905e+00
5.25335710717740e-02 1.07825378733112e+00
5.38311502772470e-02 1.07825014332832e+00
5.51607796890950e-02 1.07824631692319e+00
5.65232509474160e-02 1.07824229896945e+00
5.79193752458170e-02 1.07823807985965e+00
5.93499838143880e-02 1.07823364950127e+00
6.08159284146040e-02 1.07822899729189e+00
6.23180818464440e-02 1.07822411209292e+00
6.38573384680520e-02 1.07821898220163e+00
6.54346147282120e-02 1.07821359532210e+00
6.70508497119990e-02 1.07820793853408e+00
6.87070056998860e-02 1.07820199826035e+00
7.04040687406730e-02 1.07819576023220e+00
7.21430492385670e-02 1.07818920945286e+00
7.39249825547600e-02 1.07818233015869e+00
7.57509296238630e-02 1.07817510577842e+00
7.76219775855720e-02 1.07816751888944e+00
7.95392404319360e-02 1.07815955117186e+00
8.15038596706040e-02 1.07815118335951e+00
8.35170050044680e-02 1.07814239518778e+00
8.55798750280790e-02 1.07813316533835e+00
8.76936979412720e-02 1.07812347138010e+00
8.98597322804220e-02 1.07811328970605e+00
9.20792676677480e-02 1.07810259546623e+00
9.43536255791420e-02 1.07809136249553e+00
9.66841601309460e-02 1.07807956323693e+00
9.90722588861810e-02 1.07806716865823e+00
1.01519343680670e-01 1.07805414816377e+00
1.04026871469580e-01 1.07804046949834e+00
1.06596335194880e-01 1.07802609864377e+00
1.09229264674190e-01 1.07801099970815e+00
1.11927227511650e-01 1.07799513480410e+00
1.14691830031180e-01 1.07797846391882e+00
1.17524718232950e-01 1.07796094477061e+00
1.20427578773310e-01 1.07794253265449e+00
1.23402139969010e-01 1.07792318027293e+00
1.26450172826240e-01 1.07790283755014e+00
1.29573492095050e-01 1.07788145142918e+00
1.32773957349800e-01 1.07785896564893e+00
1.36053474096340e-01 1.07783532049833e+00
1.39413994906520e-01 1.07781045254469e+00
1.42857520580710e-01 1.07778429433438e+00
1.46386101339050e-01 1.07775677405963e+00
1.50001838042130e-01 1.07772781518981e+00
1.53706883441770e-01 1.07769733606000e+00
1.57503443462780e-01 1.07766524941292e+00
1.61393778516310e-01 1.07763146188658e+00
1.65380204845660e-01 1.07759587344136e+00
1.69465095905350e-01 1.07755837671753e+00
1.73650883774210e-01 1.07751885631353e+00
1.77940060603440e-01 1.07747718797407e+00
1.82335180100340e-01 1.07743323767679e+00
1.86838859048820e-01 1.07738686060019e+00
1.91453778867330e-01 1.07733789996002e+00
1.96182687205350e-01 1.07728618569282e+00
2.01028399579320e-01 1.07723153296569e+00
2.05993801048930e-01 1.07717374048899e+00
2.11081847934840e-01 1.07711258860295e+00
2.16295569578830e-01 1.07704783710637e+00
2.21638070147430e-01 1.07697922279178e+00
2.27112530480070e-01 1.07690645664552e+00
2.32722209982930e-01 1.07682922066494e+00
2.38470448569500e-01 1.07674716424063e+00
2.44360668649170e-01 1.07665990004113e+00
2.50396377164810e-01 1.07656699933255e+00
2.56581167680780e-01 1.07646798665368e+00
2.62918722522490e-01 1.07636233375850e+00
2.69412814968800e-01 1.07624945272469e+00
2.76067311498530e-01 1.07612868811635e+00
2.82886174092540e-01 1.07599930807070e+00
2.89873462592630e-01 1.07586049416632e+00
2.97033337118660e-01 1.07571132991027e+00
3.04370060545490e-01 1.07555078766153e+00
3.11888001040970e-01 1.07537771378884e+00
3.19591634666680e-01 1.07519081183421e+00
3.27485548042950e-01 1.07498862342997e+00
3.35574441079610e-01 1.07476950668909e+00
3.43863129774270e-01 1.07453161175752e+00
3.52356549079700e-01 1.07427285318784e+00
3.61059755841970e-01 1.07399087875945e+00
3.69977931811260e-01 1.07368303433654e+00
3.79116386727000e-01 1.07334632432183e+00
3.88480561479160e-01 1.07297736723015e+00
3.98076031347690e-01 1.07257234587334e+00
4.07908509321980e-01 1.07212695162075e+00
4.17983849502240e-01 1.07163632217632e+00
4.28308050584940e-01 1.07109497229819e+00
4.38887259434390e-01 1.07049671688391e+00
4.49727774742420e-01 1.06983458585756e+00
4.60836050778560e-01 1.06910073032744e+00
4.72218701232790e-01 1.06828631954498e+00
4.83882503153240e-01 1.06738142829075e+00
4.95834400981120e-01 1.06637491445333e+00
5.08081510685350e-01 1.06525428676144e+00
5.20631123999280e-01 1.06400556289185e+00
5.33490712762070e-01 1.06261311851818e+00
5.46667933367290e-01 1.06105952830722e+00
5.60170631321460e-01 1.05932540042427e+00
5.74006845915100e-01 1.05738920679852e+00
5.88184815009200e-01 1.05522711224018e+00
6.02712979939930e-01 1.05281280651165e+00
6.17599990544450e-01 1.05011734465163e+00
6.32854710310890e-01 1.04710900224082e+00
6.48486221655570e-01 1.04375315388536e+00
6.64503831330470e-01 1.04001218496624e+00
6.80917075964330e-01 1.03584544862866e+00
6.97735727740650e-01 1.03120928201292e+00
7.14969800215840e-01 1.02605709776752e+00
7.32629554281170e-01 1.02033956880750e+00
7.50725504271920e-01 1.01400492590767e+00
7.69268424227430e-01 1.00699938881402e+00
7.88269354305850e-01 9.99267751814431e-01
8.07739607357210e-01 9.90754143767835e-01
8.27690775658930e-01 9.81402980020859e-01
8.48134737817700e-01 9.71160118978162e-01
8.69083665841800e-01 9.59974228857694e-01
8.90550032388090e-01 9.47798359917502e-01
9.12546618188080e-01 9.34591703858884e-01
9.35086519657330e-01 9.20321505066961e-01
9.58183156692860e-01 9.04965068033022e-01
9.81850280663180e-01 8.88511782337524e-01
1.00610198259560e+00 8.70965062133565e-01
1.03095270156570e+00 8.52344072978154e-01
1.05641723329430e+00 8.32685097616645e-01
1.08251073895670e+00 8.12042377100318e-01
1.10924875420890e+00 7.90488258111964e-01
1.13664719843790e+00 7.68112485655310e-01
1.16472238423930e+00 7.45020506558107e-01
1.19349102713000e+00 7.21330697794544e-01
1.22297025550010e+00 6.97170508889462e-01
1.25317762081100e+00 6.72671614792038e-01
1.28413110804500e+00 6.47964321751546e-01
1.31584914641370e+00 6.23171664911605e-01
1.34835062033020e+00 5.98403899856661e-01
1.38165488065230e+00 5.73754446856244e-01
1.41578175620440e+00 5.49298830596355e-01
1.45075156558270e+00 5.25098326650315e-01
1.48658512925260e+00 5.01207186307563e-01
1.52330378194510e+00 4.77676798434532e-01
1.56092938535910e+00 4.54554656648737e-01
1.59948434117750e+00 4.31884441550110e-01
1.63899160440460e+00 4.09706105222619e-01
1.67947469703340e+00 3.88055838048288e-01
1.72095772205010e+00 3.66966084080283e-01
1.76346537778480e+00 3.46465571937914e-01
1.80702297261600e+00 3.26579364262972e-01
1.85165644003970e+00 3.07328923950395e-01
1.89739235410860e+00 2.88732196103381e-01
1.94425794525510e+00 2.70803704357535e-01
1.99228111650290e+00 2.53554660231502e-01
2.04149046008050e+00 2.36993084156461e-01
2.09191527444450e+00 2.21123936848673e-01
2.14358558172330e+00 2.05949259712508e-01
2.19653214559190e+00 1.91468322995073e-01
2.25078648958800e+00 1.77677780455352e-01
2.30638091588080e+00 1.64571829358445e-01
2.36334852450310e+00 1.52142374656907e-01
2.42172323305830e+00 1.40379196274823e-01
2.48153979691480e+00 1.29270118464392e-01
2.54283382989860e+00 1.18801180258411e-01
2.60564182549710e+00 1.08956806093845e-01
2.67000117858690e+00 9.97199757313606e-02
2.73595020769800e+00 9.10723926427004e-02
2.80352817782810e+00 8.29946500820427e-02
2.87277532382050e+00 7.54663940993341e-02
2.94373287431890e+00 6.84664827931585e-02
3.01644307631450e+00 6.19731411387322e-02
3.09094922029950e+00 5.59641107638768e-02
3.16729566604090e+00 5.04167940828761e-02
3.24552786899210e+00 4.53083922358665e-02
3.32569240735620e+00 4.06160363208517e-02
3.40783700981790e+00 3.63169114469396e-02
3.49201058396040e+00 3.23883731819389e-02
3.57826324538430e+00 2.88080560153670e-02
3.66664634754520e+00 2.55539735095183e-02
3.75721251232960e+00 2.26046098668628e-02
3.85001566138420e+00 1.99390027013863e-02
3.94511104822030e+00 1.75368168644888e-02
4.04255529111140e+00 1.53784092422074e-02
4.14240640680180e+00 1.34448845091690e-02
4.24472384504980e+00 1.17181418950133e-02
4.34956852402260e+00 1.01809130901399e-02
4.45700286656590e+00 8.81679148839425e-03
4.56709083737010e+00 7.61025303362746e-03
4.67989798105310e+00 6.54666900374283e-03
4.79549146118520e+00 5.61231112867216e-03
4.91394010027640e+00 4.79434949658276e-03
5.03531442075330e+00 4.08084375440609e-03
5.15968668694590e+00 3.46072815354461e-03
5.28713094811340e+00 2.92379102850423e-03
5.41772308253180e+00 2.46064932459064e-03
5.55154084267040e+00 2.06271881019445e-03
5.68866390148430e+00 1.72218061931941e-03
5.82917389985100e+00 1.43194477083649e-03
5.97315449517730e+00 1.18561130261818e-03
6.12069141120820e+00 9.77429641613850e-04
6.27187248906500e+00 8.02256805628268e-04
6.42678773954490e+00 6.55514999822855e-04
6.58552939671170e+00 5.33149131679065e-04
6.74819197281050e+00 4.31584723384867e-04
6.91487231453890e+00 3.47686651462243e-04
7.08566966070800e+00 2.78719091139703e-04
7.26068570132750e+00 2.22306988708668e-04
7.44002463815030e+00 1.76399330090832e-04
7.62379324671260e+00 1.39234419247114e-04
7.81210093990640e+00 1.09307326958807e-04
8.00505983312210e+00 8.53396198830998e-05
8.20278481100020e+00 6.62514324761660e-05
8.40539359583190e+00 5.11359010862822e-05
8.61300681764890e+00 3.92359407899746e-05
8.82574808604490e+00 2.99233117547138e-05
9.04374406377020e+00 2.26798932790887e-05
9.26712454214530e+00 1.70810602470716e-05
9.49602251833630e+00 1.27810384541236e-05
9.73057427453920e+00 9.50010190869836e-06
9.97091945912030e+00 7.01346646329172e-06
1.02172011697610e+01 5.14172957704941e-06
1.04695660386540e+01 3.74270518442832e-06
1.07281643198080e+01 2.70450502621135e-06
1.09931499785080e+01 1.93972285429322e-06
1.12646807829770e+01 1.38058511322990e-06
1.15429183983160e+01 9.74940509771498e-07
1.18280284827550e+01 6.82970818540853e-07
1.21201807862790e+01 4.74515893313830e-07
1.24195492517000e+01 3.26916766818646e-07
1.27263121182170e+01 2.23291592786342e-07
1.30406520275370e+01 1.51169737025951e-07
1.33627561326170e+01 1.01419343755762e-07
1.36928162090930e+01 6.74130300846164e-08
1.40310287694570e+01 4.43848883416879e-08
1.43775951800630e+01 2.89396421632151e-08
1.47327217810100e+01 1.86815867954171e-08
1.50966200090010e+01 1.19368585158066e-08
1.54695065232240e+01 7.54765951078550e-09
1.58516033343470e+01 4.72136888002869e-09
1.62431379367060e+01 2.92106620699424e-09
1.66443434437420e+01 1.78695709587366e-09
1.70554587268030e+01 1.08059864578047e-09
1.74767285573550e+01 6.45754434448630e-10
1.79084037527210e+01 3.81236869296604e-10
1.83507413254140e+01 2.22287669874000e-10
1.88040046361510e+01 1.27965774921471e-10
1.92684635506640e+01 7.27095909077567e-11
1.97443946003660e+01 4.07630575837200e-11
2.02320811469950e+01 2.25409897776475e-11
2.07318135513250e+01 1.22902437681196e-11
2.12438893460430e+01 6.60503926813929e-12
2.17686134128900e+01 3.49751471824866e-12
2.23062981641890e+01 1.82410798088524e-12
2.28572637288440e+01 9.36654415190395e-13
2.34218381429470e+01 4.73340466509648e-13
2.40003575450780e+01 2.35299759231322e-13
2.45931663764410e+01 1.15005759045237e-13
2.52006175859390e+01 0.00000000000000e+00
2.58230728403120e+01 0.00000000000000e+00
2.64609027394670e+01 0.00000000000000e+00
2.71144870371320e+01 0.00000000000000e+00
2.77842148669490e+01 0.00000000000000e+00
2.84704849741630e+01 0.00000000000000e+00
2.91737059530250e+01 0.00000000000000e+00
2.98942964900650e+01 0.00000000000000e+00
3.06326856133690e+01 0.00000000000000e+00
3.13893129480190e+01 0.00000000000000e+00
3.21646289778360e+01 0.00000000000000e+00
3.29590953135880e+01 0.00000000000000e+00
3.37731849678340e+01 0.00000000000000e+00
3.46073826365390e+01 0.00000000000000e+00
3.54621849876620e+01 0.00000000000000e+00
3.63381009568570e+01 0.00000000000000e+00
3.72356520504910e+01 0.00000000000000e+00
3.81553726561380e+01 0.00000000000000e+00
3.90978103607450e+01 0.00000000000000e+00
4.00635262766550e+01 0.00000000000000e+00
4.10530953756890e+01 0.00000000000000e+00
4.20671068314680e+01 0.00000000000000e+00
4.31061643702060e+01 0.00000000000000e+00
4.41708866301500e+01 0.00000000000000e+00
4.52619075299140e+01 0.00000000000000e+00
4.63798766459030e+01 0.00000000000000e+00
4.75254595990570e+01 0.00000000000000e+00
4.86993384511540e+01 0.00000000000000e+00
4.99022121108970e+01 0.00000000000000e+00
5.11347967500360e+01 0.00000000000000e+00
5.23978262297620e+01 0.00000000000000e+00
5.36920525376370e+01 0.00000000000000e+00
5.50182462353170e+01 0.00000000000000e+00
5.63771969173290e+01 0.00000000000000e+00
5.77697136811870e+01 0.00000000000000e+00
5.91966256091130e+01 0.00000000000000e+00
6.06587822616580e+01 0.00000000000000e+00
6.21570541835210e+01 0.00000000000000e+00
6.36923334218540e+01 0.00000000000000e+00
6.52655340573740e+01 0.00000000000000e+00
6.68775927485910e+01 0.00000000000000e+00
6.85294692894810e+01 0.00000000000000e+00
7.02221471809310e+01 0.00000000000000e+00
7.19566342163000e+01 0.00000000000000e+00
7.37339630814430e+01 0.00000000000000e+00
7.55551919695540e+01 0.00000000000000e+00
7.74214052112020e+01 0.00000000000000e+00
