4.46428571428570e-04 2.35622733741070e-01
4.57455357142860e-04 2.35622640280030e-01
4.68754504464290e-04 2.35622549309310e-01
4.80332740724550e-04 2.35622460780770e-01
4.92196959420450e-04 2.35622374648020e-01
5.04354224318140e-04 2.35622290866390e-01
5.16811773658790e-04 2.35622209392970e-01
5.29577024468170e-04 2.35622130186540e-01
5.42657576972530e-04 2.35622053207630e-01
5.56061219123750e-04 2.35621978418460e-01
5.69795931236110e-04 2.35621905782960e-01
5.83869890737640e-04 2.35621835266760e-01
5.98291477038860e-04 2.35621766837210e-01
6.13069276521720e-04 2.35621700463340e-01
6.28212087651800e-04 2.35621636115940e-01
6.43728926216800e-04 2.35621573767480e-01
6.59629030694360e-04 2.35621513392170e-01
6.75921867752510e-04 2.35621454965970e-01
6.92617137886000e-04 2.35621398466600e-01
7.09724781191780e-04 2.35621343873530e-01
7.27254983287220e-04 2.35621291168040e-01
7.45218181374410e-04 2.35621240333210e-01
7.63625070454360e-04 2.35621191353980e-01
7.82486609694580e-04 2.35621144217130e-01
8.01814028954040e-04 2.35621098911350e-01
8.21618835469200e-04 2.35621055427240e-01
8.41912820705290e-04 2.35621013757380e-01
8.62708067376710e-04 2.35620973896360e-01
8.84016956640920e-04 2.35620935840780e-01
9.05852175469950e-04 2.35620899589390e-01
9.28226724204060e-04 2.35620865143020e-01
9.51153924291900e-04 2.35620832504760e-01
9.74647426221910e-04 2.35620801679890e-01
9.98721217649590e-04 2.35620772676070e-01
1.02338963172550e-03 2.35620745503290e-01
1.04866735562920e-03 2.35620720174040e-01
1.07456943931320e-03 2.35620696703300e-01
1.10111130446420e-03 2.35620675108690e-01
1.12830875368450e-03 2.35620655410510e-01
1.15617797990050e-03 2.35620637631850e-01
1.18473557600400e-03 2.35620621798690e-01
1.21399854473130e-03 2.35620607939990e-01
1.24398430878620e-03 2.35620596087810e-01
1.27471072121320e-03 2.35620586277420e-01
1.30619607602720e-03 2.35620578547420e-01
1.33845911910510e-03 2.35620572939860e-01
1.37151905934700e-03 2.35620569500400e-01
1.40539558011280e-03 2.35620568278440e-01
1.44010885094160e-03 2.35620569327280e-01
1.47567953955990e-03 2.35620572704240e-01
1.51212882418700e-03 2.35620578470900e-01
1.54947840614440e-03 2.35620586693220e-01
1.58775052277620e-03 2.35620597441750e-01
1.62696796068880e-03 2.35620610791830e-01
1.66715406931780e-03 2.35620626823800e-01
1.70833277482990e-03 2.35620645623200e-01
1.75052859436820e-03 2.35620667281030e-01
1.79376665064910e-03 2.35620691893980e-01
1.83807268692010e-03 2.35620719564690e-01
1.88347308228710e-03 2.35620750402000e-01
1.92999486741960e-03 2.35620784521290e-01
1.97766574064480e-03 2.35620822044690e-01
2.02651408443880e-03 2.35620863101510e-01
2.07656898232440e-03 2.35620907828450e-01
2.12786023618780e-03 2.35620956370050e-01
2.18041838402160e-03 2.35621008878990e-01
2.23427471810700e-03 2.35621065516510e-01
2.28946130364420e-03 2.35621126452790e-01
2.34601099784420e-03 2.35621191867410e-01
2.40395746949100e-03 2.35621261949750e-01
2.46333521898740e-03 2.35621336899520e-01
2.52417959889640e-03 2.35621416927190e-01
2.58652683498910e-03 2.35621502254560e-01
2.65041404781340e-03 2.35621593115290e-01
2.71587927479440e-03 2.35621689755450e-01
2.78296149288180e-03 2.35621792434160e-01
2.85170064175600e-03 2.35621901424190e-01
2.92213764760730e-03 2.35622017012660e-01
2.99431444750320e-03 2.35622139501710e-01
3.06827401435660e-03 2.35622269209250e-01
3.14406038251120e-03 2.35622406469690e-01
3.22171867395920e-03 2.35622551634830e-01
3.30129512520600e-03 2.35622705074640e-01
3.38283711479860e-03 2.35622867178170e-01
3.46639319153410e-03 2.35623038354510e-01
3.55201310336500e-03 2.35623219033730e-01
3.63974782701810e-03 2.35623409667980e-01
3.72964959834550e-03 2.35623610732520e-01
3.82177194342460e-03 2.35623822726860e-01
3.91616971042720e-03 2.35624046176000e-01
4.01289910227470e-03 2.35624281631650e-01
4.11201771010090e-03 2.35624529673570e-01
4.21358454754040e-03 2.35624790910930e-01
4.31766008586470e-03 2.35625065983790e-01
4.42430628998550e-03 2.35625355564630e-01
4.53358665534820e-03 2.35625660359920e-01
4.64556624573530e-03 2.35625981111840e-01
4.76031173200490e-03 2.35626318600010e-01
4.87789143178540e-03 2.35626673643380e-01
4.99837535015050e-03 2.35627047102160e-01
5.12183522129930e-03 2.35627439879850e-01
5.24834455126540e-03 2.35627852925400e-01
5.37797866168160e-03 2.35628287235480e-01
5.51081473462510e-03 2.35628743856780e-01
5.64693185857040e-03 2.35629223888550e-01
5.78641107547710e-03 2.35629728485170e-01
5.92933542904140e-03 2.35630258858890e-01
6.07579001413870e-03 2.35630816282700e-01
6.22586202748790e-03 2.35631402093310e-01
6.37964081956690e-03 2.35632017694330e-01
6.53721794781020e-03 2.35632664559560e-01
6.69868723112110e-03 2.35633344236490e-01
6.86414480572980e-03 2.35634058349890e-01
7.03368918243130e-03 2.35634808605690e-01
7.20742130523730e-03 2.35635596794950e-01
7.38544461147670e-03 2.35636424798070e-01
7.56786509338020e-03 2.35637294589230e-01
7.75479136118670e-03 2.35638208240950e-01
7.94633470780800e-03 2.35639167929010e-01
8.14260917509080e-03 2.35640175937490e-01
8.34373162171560e-03 2.35641234664140e-01
8.54982179277190e-03 2.35642346625950e-01
8.76100239105340e-03 2.35643514465020e-01
8.97739915011240e-03 2.35644740954690e-01
9.19914090912020e-03 2.35646029006040e-01
9.42635968957550e-03 2.35647381674590e-01
9.65919077390800e-03 2.35648802167420e-01
9.89777278602350e-03 2.35650293850570e-01
1.01422477738380e-02 2.35651860256830e-01
1.03927612938520e-02 2.35653505093870e-01
1.06494624978100e-02 2.35655232252820e-01
1.09125042215060e-02 2.35657045817190e-01
1.11820430757770e-02 2.35658950072240e-01
1.14582395397490e-02 2.35660949514770e-01
1.17412580563810e-02 2.35663048863470e-01
1.20312671303730e-02 2.35665253069590e-01
1.23284394284940e-02 2.35667567328290e-01
1.26329518823770e-02 2.35669997090370e-01
1.29449857938720e-02 2.35672548074610e-01
1.32647269429810e-02 2.35675226280740e-01
1.35923656984720e-02 2.35678038002890e-01
1.39280971312250e-02 2.35680989843740e-01
1.42721211303660e-02 2.35684088729280e-01
1.46246425222860e-02 2.35687341924300e-01
1.49858711925860e-02 2.35690757048460e-01
1.53560222110430e-02 2.35694342093240e-01
1.57353159596560e-02 2.35698105439520e-01
1.61239782638600e-02 2.35702055875990e-01
1.65222405269770e-02 2.35706202618380e-01
1.69303398679930e-02 2.35710555329520e-01
1.73485192627330e-02 2.35715124140280e-01
1.77770276885220e-02 2.35719919671380e-01
1.82161202724290e-02 2.35724953056180e-01
1.86660584431580e-02 2.35730235964390e-01
1.91271100867040e-02 2.35735780626790e-01
1.95995497058450e-02 2.35741599860960e-01
2.00836585835800e-02 2.35747707098080e-01
2.05797249505940e-02 2.35754116410790e-01
2.10880441568740e-02 2.35760842542150e-01
2.16089188475490e-02 2.35767900935750e-01
2.21426591430830e-02 2.35775307766980e-01
2.26895828239170e-02 2.35783079975400e-01
2.32500155196680e-02 2.35791235298460e-01
2.38242909030040e-02 2.35799792306250e-01
2.44127508883080e-02 2.35808770437610e-01
2.50157458352490e-02 2.35818190037430e-01
2.56336347573800e-02 2.35828072395150e-01
2.62667855358870e-02 2.35838439784550e-01
2.69155751386230e-02 2.35849315504720e-01
2.75803898445470e-02 2.35860723922300e-01
2.82616254737080e-02 2.35872690514780e-01
2.89596876229080e-02 2.35885241915100e-01
2.96749919071940e-02 2.35898405957230e-01
3.04079642073020e-02 2.35912211722840e-01
3.11590409232220e-02 2.35926689588920e-01
3.19286692340260e-02 2.35941871276290e-01
3.27173073641060e-02 2.35957789898810e-01
3.35254248560000e-02 2.35974480013320e-01
3.43535028499430e-02 2.35991977669940e-01
3.52020343703360e-02 2.36010320462770e-01
3.60715246192840e-02 2.36029547580540e-01
3.69624912773800e-02 2.36049699857250e-01
3.78754648119310e-02 2.36070819822180e-01
3.88109887927860e-02 2.36092951749250e-01
3.97696202159680e-02 2.36116141705200e-01
4.07519298353020e-02 2.36140437596120e-01
4.17585025022340e-02 2.36165889212000e-01
4.27899375140390e-02 2.36192548268600e-01
4.38468489706360e-02 2.36220468446130e-01
4.49298661402110e-02 2.36249705423910e-01
4.60396338338740e-02 2.36280316910400e-01
4.71768127895710e-02 2.36312362667430e-01
4.83420800654730e-02 2.36345904527960e-01
4.95361294430900e-02 2.36381006405940e-01
5.07596718403350e-02 2.36417734297150e-01
5.20134357347910e-02 2.36456156269610e-01
5.32981675974400e-02 2.36496342441930e-01
5.46146323370970e-02 2.36538364947750e-01
5.59636137558230e-02 2.36582297884480e-01
5.73459150155920e-02 2.36628217243910e-01
5.87623591164770e-02 2.36676200822420e-01
6.02137893866540e-02 2.36726328107860e-01
6.17010699845050e-02 2.36778680140180e-01
6.32250864131220e-02 2.36833339342380e-01
6.47867460475260e-02 2.36890389317900e-01
6.63869786749000e-02 2.36949914610450e-01
6.80267370481700e-02 2.37012000421410e-01
6.97069974532600e-02 2.37076732279780e-01
7.14287602903550e-02 2.37144195658890e-01
7.31930506695270e-02 2.37214475533470e-01
7.50009190210640e-02 2.37287655870190e-01
7.68534417208850e-02 2.37363819043700e-01
7.87517217313900e-02 2.37443045169680e-01
8.06968892581560e-02 2.37525411345310e-01
8.26901024228320e-02 2.37610990786560e-01
8.47325479526760e-02 2.37699851850840e-01
8.68254418871070e-02 2.37792056931820e-01
8.89700303017190e-02 2.37887661212500e-01
9.11675900501710e-02 2.37986711260690e-01
9.34194295244100e-02 2.38089243449490e-01
9.57268894336630e-02 2.38195282183920e-01
9.80913436026750e-02 2.38304837912340e-01
1.00514199789660e-01 2.38417904899620e-01
1.02996900524470e-01 2.38534458736390e-01
1.05540923967420e-01 2.38654453556280e-01
1.08147784789420e-01 2.38777818929960e-01
1.10819035073710e-01 2.38904456402000e-01
1.13556265240030e-01 2.39034235632910e-01
1.16361104991460e-01 2.39166990104940e-01
1.19235224284750e-01 2.39302512346540e-01
1.22180334324590e-01 2.39440548625160e-01
1.25198188582400e-01 2.39580793053980e-01
1.28290583840390e-01 2.39722881052110e-01
1.31459361261250e-01 2.39866382092450e-01
1.34706407484400e-01 2.40010791664640e-01
1.38033655749260e-01 2.40155522373790e-01
1.41443087046270e-01 2.40299894087920e-01
1.44936731296310e-01 2.40443123038900e-01
1.48516668559330e-01 2.40584309772560e-01
1.52185030272750e-01 2.40722425833760e-01
1.55944000520480e-01 2.40856299061780e-01
1.59795817333340e-01 2.40984597359610e-01
1.63742774021470e-01 2.41105810788340e-01
1.67787220539800e-01 2.41218231824000e-01
1.71931564887140e-01 2.41319933599950e-01
1.76178274539850e-01 2.41408745941630e-01
1.80529877920980e-01 2.41482228983590e-01
1.84988965905630e-01 2.41537644140300e-01
1.89558193363500e-01 2.41571922182360e-01
1.94240280739580e-01 2.41581628148630e-01
1.99038015673850e-01 2.41562922802030e-01
2.03954254660990e-01 2.41511520312530e-01
2.08991924751120e-01 2.41422641825210e-01
2.14154025292470e-01 2.41290964543820e-01
2.19443629717190e-01 2.41110565931610e-01
2.24863887371210e-01 2.40874862600730e-01
2.30418025389280e-01 2.40576543429880e-01
2.36109350616390e-01 2.40207496417010e-01
2.41941251576620e-01 2.39758728739800e-01
2.47917200490560e-01 2.39220279461890e-01
2.54040755342680e-01 2.38581124287730e-01
2.60315561999640e-01 2.37829071733940e-01
2.66745356381030e-01 2.36950650050490e-01
2.73333966683640e-01 2.35930984192460e-01
2.80085315660730e-01 2.34753662112610e-01
2.87003422957550e-01 2.33400589618490e-01
2.94092407504600e-01 2.31851833016420e-01
3.01356489969970e-01 2.30085448750430e-01
3.08799995272220e-01 2.28077299239690e-01
3.16427355155450e-01 2.25800854124970e-01
3.24243110827790e-01 2.23226976157880e-01
3.32251915665230e-01 2.20323691009050e-01
3.40458537982160e-01 2.17055940338060e-01
3.48867863870320e-01 2.13385317565100e-01
3.57484900107920e-01 2.09269785917910e-01
3.66314777140590e-01 2.04663378506480e-01
3.75362752135960e-01 1.99515880411200e-01
3.84634212113720e-01 1.93772493068770e-01
3.94134677152930e-01 1.87373481617520e-01
4.03869803678600e-01 1.80253806334690e-01
4.13845387829460e-01 1.72342739879670e-01
4.24067368908850e-01 1.63563472770030e-01
4.34541832920900e-01 1.53832710382810e-01
4.45275016194050e-01 1.43060265818990e-01
4.56273309094040e-01 1.31148654221790e-01
4.67543259828660e-01 1.17992695631770e-01
4.79091578346430e-01 1.03479135228580e-01
4.90925140331590e-01 8.74862918870680e-02
5.03050991297780e-01 6.98837484043250e-02
5.15476350782830e-01 5.05320995732490e-02
5.28208616647170e-01 2.92827775276190e-02
5.41255369478350e-01 5.97797749838880e-03
5.54624377104470e-01 -1.95492886682200e-02
5.68323599218950e-01 -4.74749791548310e-02
5.82361192119660e-01 -7.79836116604940e-02
5.96745513565010e-01 -1.11267612674770e-01
6.11485127750070e-01 -1.47526377303190e-01
6.26588810405500e-01 -1.86964983892670e-01
6.42065554022510e-01 -2.29792501014250e-01
6.57924573206870e-01 -2.76219817737270e-01
6.74175310165080e-01 -3.26456921917540e-01
6.90827440326150e-01 -3.80709545894640e-01
7.07890878102210e-01 -4.39175095175180e-01
7.25375782791330e-01 -5.02037774183500e-01
7.43292564626280e-01 -5.69462825020100e-01
7.61651890972550e-01 -6.41589801659600e-01
7.80464692679570e-01 -7.18524814699320e-01
7.99742170588760e-01 -8.00331702476470e-01
8.19495802202300e-01 -8.87022115231880e-01
8.39737348516700e-01 -9.78544542384770e-01
8.60478861025060e-01 -1.07477237144450e+00
8.81732688892380e-01 -1.17549114320580e+00
9.03511486308020e-01 -1.28038526406460e+00
9.25828220019830e-01 -1.38902455446540e+00
9.48696177054320e-01 -1.50085115363830e+00
9.72128972627560e-01 -1.61516746437040e+00
9.96140558251460e-01 -1.73112600480110e+00
1.02074523004030e+00 -1.84772223119250e+00
1.04595763722230e+00 -1.96379159619290e+00
1.07179279086170e+00 -2.07801229586640e+00
1.09826607279590e+00 -2.18891531395280e+00
1.12539324479400e+00 -2.29490346442880e+00
1.15319045794040e+00 -2.39428112674130e+00
1.18167426225150e+00 -2.48529621781290e+00
1.21086161652910e+00 -2.56619560040890e+00
1.24076989845740e+00 -2.63529453381720e+00
1.27141691494930e+00 -2.69105987410550e+00
1.30282091274860e+00 -2.73220547410180e+00
1.33500058929350e+00 -2.75779656923000e+00
1.36797510384900e+00 -2.76735781952700e+00
1.40176408891410e+00 -2.76097705955320e+00
1.43638766191030e+00 -2.73939360571260e+00
1.47186643715940e+00 -2.70405602982580e+00
1.50822153815730e+00 -2.65712933014770e+00
1.54547461014980e+00 -2.60142488225930e+00
1.58364783302050e+00 -2.54021756702320e+00
1.62276393449610e+00 -2.47690180074990e+00
1.66284620367810e+00 -2.41442026357510e+00
1.70391850490900e+00 -2.35437430803930e+00
1.74600529198020e+00 -2.29635016159720e+00
1.78913162269210e+00 -2.23997283322950e+00
1.83332317377260e+00 -2.18515882898660e+00
1.87860625616480e+00 -2.13183307965840e+00
1.92500783069210e+00 -2.07992807523780e+00
1.97255552411020e+00 -2.02938329479150e+00
2.02127764555570e+00 -1.98014438300950e+00
2.07120320340090e+00 -1.93216225096000e+00
2.12236192252490e+00 -1.88539229052590e+00
2.17478426201130e+00 -1.83979370240580e+00
2.22850143328300e+00 -1.79532892508330e+00
2.28354541868510e+00 -1.75196315235820e+00
2.33994899052660e+00 -1.70966392772150e+00
2.39774573059260e+00 -1.66840080481720e+00
2.45697005013820e+00 -1.62814506430850e+00
2.51765721037660e+00 -1.58886947856930e+00
2.57984334347290e+00 -1.55054811668990e+00
2.64356547405670e+00 -1.51315618327670e+00
2.70886154126590e+00 -1.47666988544270e+00
2.77577042133520e+00 -1.44106632319360e+00
2.84433195074220e+00 -1.40632339914490e+00
2.91458694992550e+00 -1.37241974413430e+00
2.98657724758870e+00 -1.33933465584690e+00
3.06034570560410e+00 -1.30704804804690e+00
3.13593624453250e+00 -1.27554040841640e+00
3.21339386977250e+00 -1.24479276334990e+00
3.29276469835580e+00 -1.21478664834750e+00
3.37409598640520e+00 -1.18550408289920e+00
3.45743615726940e+00 -1.15692754895710e+00
3.54283483035400e+00 -1.12903997227010e+00
3.63034285066370e+00 -1.10182470599370e+00
3.72001231907510e+00 -1.07526551611040e+00
3.81189662335630e+00 -1.04934656828850e+00
3.90605046995320e+00 -1.02405241588720e+00
4.00252991656100e+00 -9.99367988879860e-01
4.10139240550010e+00 -9.75278583515650e-01
4.20269679791590e+00 -9.51769852581760e-01
4.30650340882450e+00 -9.28827796160090e-01
4.41287404302240e+00 -9.06438752796340e-01
4.52187203188510e+00 -8.84589391019510e-01
4.63356227107260e+00 -8.63266701164480e-01
4.74801125916810e+00 -8.42457987461780e-01
4.86528713726960e+00 -8.22150860367250e-01
4.98545972956020e+00 -8.02333229110820e-01
5.10860058488030e+00 -7.82993294448410e-01
5.23478301932680e+00 -7.64119541604470e-01
5.36408215990420e+00 -7.45700733395370e-01
5.49657498925380e+00 -7.27725903525630e-01
5.63234039148840e+00 -7.10184350050390e-01
5.77145919915820e+00 -6.93065628998400e-01
5.91401424137740e+00 -6.76359548150670e-01
6.06009039313940e+00 -6.60056160970280e-01
6.20977462584990e+00 -6.44145760679210e-01
6.36315605910840e+00 -6.28618874478430e-01
6.52032601376840e+00 -6.13466257907530e-01
6.68137806630850e+00 -5.98678889340530e-01
6.84640810454630e+00 -5.84247964614410e-01
7.01551438472860e+00 -5.70164891787200e-01
7.18879759003140e+00 -5.56421286022420e-01
7.36636089050520e+00 -5.43008964596860e-01
7.54831000450070e+00 -5.29919942028740e-01
7.73475326161180e+00 -5.17146425323250e-01
7.92580166717360e+00 -5.04680809332740e-01
8.12156896835280e+00 -4.92515672228690e-01
8.32217172187110e+00 -4.80643771082940e-01
8.52772936340130e+00 -4.69058037555320e-01
8.73836427867740e+00 -4.57751573685290e-01
8.95420187636070e+00 -4.46717647785010e-01
9.17537066270680e+00 -4.35949690431350e-01
9.40200231807570e+00 -4.25441290554650e-01
9.63423177533210e+00 -4.15186191621600e-01
9.87219730018280e+00 -4.05178287910220e-01
1.01160405734970e+01 -3.95411620874610e-01
1.03659067756630e+01 -3.85880375597360e-01
1.06219446730220e+01 -3.76578877327370e-01
1.08843067064450e+01 -3.67501588101270e-01
1.11531490820940e+01 -3.58643103446150e-01
1.14286318644220e+01 -3.49998149161860e-01
1.17109190714730e+01 -3.41561578180790e-01
1.20001787725390e+01 -3.33328367503460e-01
1.22965831882200e+01 -3.25293615207820e-01
1.26003087929700e+01 -3.17452537530810e-01
1.29115364201560e+01 -3.09800466020120e-01
1.32304513697340e+01 -3.02332844754680e-01
1.35572435185660e+01 -2.95045227632160e-01
1.38921074334750e+01 -2.87933275721830e-01
1.42352424870820e+01 -2.80992754681210e-01
1.45868529765120e+01 -2.74219532235000e-01
1.49471482450320e+01 -2.67609575714850e-01
1.53163428066850e+01 -2.61158949658290e-01
1.56946564740100e+01 -2.54863813465680e-01
1.60823144889180e+01 -2.48720419113580e-01
1.64795476567940e+01 -2.42725108923180e-01
1.68865924839170e+01 -2.36874313382630e-01
1.73036913182700e+01 -2.31164549021790e-01
1.77310924938310e+01 -2.25592416338230e-01
1.81690504784280e+01 -2.20154597773230e-01
1.86178260252460e+01 -2.14847855736540e-01
1.90776863280690e+01 -2.09669030678780e-01
1.95489051803730e+01 -2.04615039210280e-01
2.00317631383280e+01 -1.99682872265330e-01
2.05265476878440e+01 -1.94869593310560e-01
2.10335534157340e+01 -1.90172336596620e-01
2.15530821851030e+01 -1.85588305451960e-01
2.20854433150750e+01 -1.81114770617700e-01
2.26309537649570e+01 -1.76749068622720e-01
2.31899383229520e+01 -1.72488600197830e-01
2.37627297995290e+01 -1.68330828728250e-01
2.43496692255770e+01 -1.64273278743290e-01
2.49511060554490e+01 -1.60313534442560e-01
2.55673983750180e+01 -1.56449238257590e-01
2.61989131148810e+01 -1.52678089448220e-01
2.68460262688190e+01 -1.48997842732720e-01
2.75091231176590e+01 -1.45406306951030e-01
2.81885984586650e+01 -1.41901343760160e-01
2.88848568405940e+01 -1.38480866361040e-01
2.95983128045560e+01 -1.35142838256110e-01
3.03293911308290e+01 -1.31885272036800e-01
3.10785270917600e+01 -1.28706228200260e-01
3.18461667109270e+01 -1.25603813994590e-01
3.26327670286870e+01 -1.22576182291980e-01
3.34387963742950e+01 -1.19621530488900e-01
3.42647346447400e+01 -1.16738099432910e-01
3.51110735904660e+01 -1.13924172375240e-01
3.59783171081500e+01 -1.11178073948710e-01
3.68669815407210e+01 -1.08498169170210e-01
3.77775959847770e+01 -1.05882862467260e-01
3.87107026056010e+01 -1.03330596728080e-01
3.96668569599600e+01 -1.00839852374430e-01
4.06466283268700e+01 -9.84091464569450e-02
4.16506000465440e+01 -9.60370317721720e-02
4.26793698676940e+01 -9.37220960009490e-02
4.37335503034260e+01 -9.14629608675210e-02
4.48137689959200e+01 -8.92582813189430e-02
4.59206690901200e+01 -8.71067447242540e-02
4.70549096166460e+01 -8.50070700929580e-02
4.82171658841770e+01 -8.29580073123430e-02
4.94081298815160e+01 -8.09583364031850e-02
5.06285106895890e+01 -7.90068667933880e-02
5.18790349036220e+01 -7.71024366091420e-02
5.31604470657420e+01 -7.52439119831580e-02
5.44735101082660e+01 -7.34301863795820e-02
5.58190058079400e+01 -7.16601799351830e-02
5.71977352513960e+01 -6.99328388164180e-02
5.86105193121050e+01 -6.82471345919960e-02
6.00581991391140e+01 -6.66020636205680e-02
6.15416366578500e+01 -6.49966464531740e-02
6.30617150832990e+01 -6.34299272500970e-02
6.46193394458570e+01 -6.19009732117660e-02
6.62154371301690e+01 -6.04088740233890e-02
6.78509584272850e+01 -5.89527413129580e-02
6.95268771004390e+01 -5.75317081223370e-02
7.12441909648190e+01 -5.61449283910770e-02
7.30039224816500e+01 -5.47915764526960e-02
7.48071193669470e+01 -5.34708465430810e-02
7.66548552153110e+01 -5.21819523207590e-02
