6.94444444444440e-04 9.14333459807958e-07
7.11597222222220e-04 9.60059358422967e-07
7.29173673611110e-04 1.00807201334304e-06
7.47184263349310e-04 1.05848578545679e-06
7.65639714654030e-04 1.11142081085592e-06
7.84551015605990e-04 1.16700311993559e-06
8.03929425691460e-04 1.22536510363462e-06
8.23786482506030e-04 1.28664577367345e-06
8.44134008623930e-04 1.35099109373932e-06
8.64984118636940e-04 1.41855432714323e-06
8.86349226367280e-04 1.48949640186964e-06
9.08242052258550e-04 1.56398629388538e-06
9.30675630949340e-04 1.64220142961592e-06
9.53663319033780e-04 1.72432810854997e-06
9.77218803013920e-04 1.81056194697749e-06
1.00135610744840e-03 1.90110834391880e-06
1.02608960330230e-03 1.99618297035435e-06
1.05143401650390e-03 2.09601228291916e-06
1.07740443671160e-03 2.20083406328855e-06
1.10401632629830e-03 2.31089798453629e-06
1.13128552955790e-03 2.42646620581467e-06
1.15922828213800e-03 2.54781399677600e-06
1.18786122070680e-03 2.67523039321887e-06
1.21720139285820e-03 2.80901888552170e-06
1.24726626726180e-03 2.94949814150471e-06
1.27807374406320e-03 3.09700276544087e-06
1.30964216554160e-03 3.25188409502238e-06
1.34199032703040e-03 3.41451103818314e-06
1.37513748810810e-03 3.58527095176685e-06
1.40910338406440e-03 3.76457056413823e-06
1.44390823765080e-03 3.95283694392914e-06
1.47957277112070e-03 4.15051851723043e-06
1.51611821856740e-03 4.35808613564970e-06
1.55356633856600e-03 4.57603419778207e-06
1.59193942712860e-03 4.80488182675929e-06
1.63126033097870e-03 5.04517410668638e-06
1.67155246115390e-03 5.29748338090761e-06
1.71283980694440e-03 5.56241061519448e-06
1.75514695017590e-03 5.84058682910148e-06
1.79849907984520e-03 6.13267459889795e-06
1.84292200711740e-03 6.43936963565709e-06
1.88844218069320e-03 6.76140244225746e-06
1.93508670255630e-03 7.09954005324229e-06
1.98288334410950e-03 7.45458786168347e-06
2.03186056270900e-03 7.82739153739694e-06
2.08204751860790e-03 8.21883904107695e-06
2.13347409231750e-03 8.62986273914735e-06
2.18617090239770e-03 9.06144162436358e-06
2.24016932368700e-03 9.51460364745405e-06
2.29550150598200e-03 9.99042816535396e-06
2.35220039317980e-03 1.04900485118527e-05
2.41029974289130e-03 1.10146546967898e-05
2.46983414654070e-03 1.15654962402093e-05
2.53083904996030e-03 1.21438851482342e-05
2.59335077449430e-03 1.27511990377385e-05
2.65740653862430e-03 1.33888844172537e-05
2.72304448012830e-03 1.40584601319297e-05
2.79030367878750e-03 1.47615209807398e-05
2.85922417965360e-03 1.54997415145507e-05
2.92984701689100e-03 1.62748800240924e-05
3.00221423820820e-03 1.70887827273188e-05
3.07636892989200e-03 1.79433881661374e-05
3.15235524246030e-03 1.88407318229601e-05
3.23021841694910e-03 1.97829509680688e-05
3.31000481184770e-03 2.07722897493382e-05
3.39176193070030e-03 2.18111045364150e-05
3.47553845038860e-03 2.29018695320894e-05
3.56138425011320e-03 2.40471826641980e-05
3.64935044109100e-03 2.52497717720871e-05
3.73948939698600e-03 2.65125011023531e-05
3.83185478509150e-03 2.78383781293196e-05
3.92650159828330e-03 2.92305607164785e-05
4.02348618776090e-03 3.06923646359212e-05
4.12286629659860e-03 3.22272714636775e-05
4.22470109412460e-03 3.38389368697225e-05
4.32905121114940e-03 3.55311993223523e-05
4.43597877606480e-03 3.73080892276867e-05
4.54554745183360e-03 3.91738385259978e-05
4.65782247389390e-03 4.11328907676687e-05
4.77287068899910e-03 4.31899116928116e-05
4.89076059501740e-03 4.53498003396240e-05
5.01156238171430e-03 4.76177007079415e-05
5.13534797254270e-03 4.99990140057184e-05
5.26219106746450e-03 5.24994115075153e-05
5.39216718683080e-03 5.51248480556000e-05
5.52535371634560e-03 5.78815762357025e-05
5.66182995313930e-03 6.07761612611724e-05
5.80167715298180e-03 6.38154966008398e-05
5.94497857866050e-03 6.70068203877777e-05
6.09181954955340e-03 7.03577326478854e-05
6.24228749242740e-03 7.38762133892591e-05
6.39647199349030e-03 7.75706415953000e-05
6.55446485172950e-03 8.14498151666436e-05
6.71636013356730e-03 8.55229718592955e-05
6.88225422886640e-03 8.97998112686382e-05
7.05224590831940e-03 9.42905179115166e-05
7.22643638225480e-03 9.90057854611697e-05
7.40492936089650e-03 1.03956842192491e-04
7.58783111611070e-03 1.09155477698021e-04
7.77525054467860e-03 1.14614070937994e-04
7.96729923313220e-03 1.20345619690954e-04
8.16409152419050e-03 1.26363771474793e-04
8.36574458483810e-03 1.32682856011445e-04
8.57237847608360e-03 1.39317919312205e-04
8.78411622444280e-03 1.46284759464395e-04
9.00108389518660e-03 1.53599964204137e-04
9.22341066739770e-03 1.61280950364167e-04
9.45122891088240e-03 1.69346005290054e-04
9.68467426498120e-03 1.77814330322905e-04
9.92388571932620e-03 1.86706086451256e-04
1.01690056965940e-02 1.96042442240181e-04
1.04201801372990e-02 2.05845624150994e-04
1.06775585866910e-02 2.16138969370029e-04
1.09412942837820e-02 2.26946981272044e-04
1.12115442525910e-02 2.38295387648162e-04
1.14884693956300e-02 2.50211201836628e-04
1.17722345897020e-02 2.62722786900120e-04
1.20630087840680e-02 2.75859923000893e-04
1.23609651010350e-02 2.89653878132688e-04
1.26662809390300e-02 3.04137482375866e-04
1.29791380782240e-02 3.19345205850338e-04
1.32997227887560e-02 3.35313240550078e-04
1.36282259416390e-02 3.52079586251095e-04
1.39648431223970e-02 3.69684140695006e-04
1.43097747475200e-02 3.88168794259557e-04
1.46632261837840e-02 4.07577529338556e-04
1.50254078705240e-02 4.27956524663769e-04
1.53965354449250e-02 4.49354264813294e-04
1.57768298704150e-02 4.71821655162362e-04
1.61665175682140e-02 4.95412142545861e-04
1.65658305521490e-02 5.20181841913560e-04
1.69750065667870e-02 5.46189669274261e-04
1.73942892289870e-02 5.73497481238235e-04
1.78239281729430e-02 6.02170221483159e-04
1.82641791988150e-02 6.32276074483667e-04
1.87153044250250e-02 6.63886626862357e-04
1.91775724443240e-02 6.97077036735096e-04
1.96512584836980e-02 7.31926211445026e-04
2.01366445682460e-02 7.68516994093817e-04
2.06340196890810e-02 8.06936359303318e-04
2.11436799754020e-02 8.47275618657173e-04
2.16659288707940e-02 8.89630636297092e-04
2.22010773139030e-02 9.34102055166944e-04
2.27494439235560e-02 9.80795534426553e-04
2.33113551884680e-02 1.02982199857587e-03
2.38871456616230e-02 1.08129789886072e-03
2.44771581594650e-02 1.13534548755506e-03
2.50817439660040e-02 1.19209310574398e-03
2.57012630419640e-02 1.25167548526054e-03
2.63360842391010e-02 1.31423406545948e-03
2.69865855198060e-02 1.37991732554366e-03
2.76531541821460e-02 1.44888113319027e-03
2.83361870904450e-02 1.52128911026081e-03
2.90360909115790e-02 1.59731301641144e-03
2.97532823570950e-02 1.67713315146071e-03
3.04881884313150e-02 1.76093877740811e-03
3.12412466855680e-02 1.84892856103837e-03
3.20129054787020e-02 1.94131103808741e-03
3.28036242440260e-02 2.03830509999040e-03
3.36138737628530e-02 2.14014050427612e-03
3.44441364447960e-02 2.24705840971881e-03
3.52949066149820e-02 2.35931193740846e-03
3.61666908083720e-02 2.47716675894763e-03
3.70600080713390e-02 2.60090171303758e-03
3.79753902707010e-02 2.73080945176777e-03
3.89133824103870e-02 2.86719711797858e-03
3.98745429559240e-02 3.01038705512502e-03
4.08594441669350e-02 3.16071755112345e-03
4.18686724378590e-02 3.31854361772988e-03
4.29028286470740e-02 3.48423780705389e-03
4.39625285146570e-02 3.65819106687669e-03
4.50484029689690e-02 3.84081363651169e-03
4.61610985223020e-02 4.03253598499950e-03
4.73012776558030e-02 4.23380979351033e-03
4.84696192139010e-02 4.44510898388549e-03
4.96668188084850e-02 4.66693079531764e-03
5.08935892330540e-02 4.89979691124736e-03
5.21506608871110e-02 5.14425463861004e-03
5.34387822110220e-02 5.40087814165293e-03
5.47587201316340e-02 5.67026973259181e-03
5.61112605188860e-02 5.95306122146642e-03
5.74972086537020e-02 6.24991532760335e-03
5.89173897074490e-02 6.56152715517017e-03
6.03726492332230e-02 6.88862573536874e-03
6.18638536692830e-02 7.23197563787001e-03
6.33918908549150e-02 7.59237865415531e-03
6.49576705590310e-02 7.97067555547844e-03
6.65621250218390e-02 8.36774792821273e-03
6.82062095098790e-02 8.78452008938332e-03
6.98909028847720e-02 9.22196108522347e-03
7.16172081860260e-02 9.68108677561175e-03
7.33861532282210e-02 1.01629620072664e-02
7.51987912129580e-02 1.06687028785675e-02
7.70562013559180e-02 1.11994790988706e-02
7.89594895294100e-02 1.17565164451441e-02
8.09097889207860e-02 1.23410993187150e-02
8.29082607071290e-02 1.29545734048398e-02
8.49560947465950e-02 1.35983484377253e-02
8.70545102868360e-02 1.42739010735105e-02
8.92047566909210e-02 1.49827778735574e-02
9.14081141811870e-02 1.57265984002388e-02
9.36658946014620e-02 1.65070584271649e-02
9.59794421981180e-02 1.73259332655499e-02
9.83501344204120e-02 1.81850812080863e-02
1.00779382740600e-01 1.90864470913562e-02
1.03268633494290e-01 2.00320659773597e-02
1.05819368741600e-01 2.10240669542607e-02
1.08433107149520e-01 2.20646770559041e-02
1.11111404896110e-01 2.31562252989853e-02
1.13855856597040e-01 2.43011468360366e-02
1.16668096254990e-01 2.55019872215781e-02
1.19549798232490e-01 2.67614067878085e-02
1.22502678248830e-01 2.80821851251808e-02
1.25528494401580e-01 2.94672256619939e-02
1.28629048213290e-01 3.09195603358447e-02
1.31806185704160e-01 3.24423543482052e-02
1.35061798491060e-01 3.40389109918569e-02
1.38397824913780e-01 3.57126765389394e-02
1.41816251189160e-01 3.74672451753875e-02
1.45319112593530e-01 3.93063639653124e-02
1.48908494674590e-01 4.12339378262263e-02
1.52586534493050e-01 4.32540344934390e-02
1.56355421895030e-01 4.53708894487738e-02
1.60217400815840e-01 4.75889107855224e-02
1.64174770615990e-01 4.99126839778675e-02
1.68229887450200e-01 5.23469765190741e-02
1.72385165670220e-01 5.48967423884208e-02
1.76643079262280e-01 5.75671263021875e-02
1.81006163320050e-01 6.03634676989627e-02
1.85477015554060e-01 6.32913044039868e-02
1.90058297838240e-01 6.63563759116837e-02
1.94752737794850e-01 6.95646262188734e-02
1.99563130418380e-01 7.29222061349299e-02
2.04492339739720e-01 7.64354749877850e-02
2.09543300531290e-01 8.01110016374746e-02
2.14719020054410e-01 8.39555647010730e-02
2.20022579849750e-01 8.79761518848721e-02
2.25457137572040e-01 9.21799583113458e-02
2.31025928870070e-01 9.65743837201188e-02
2.36732269313160e-01 1.01167028413628e-01
2.42579556365200e-01 1.05965687809864e-01
2.48571271407420e-01 1.10978345456661e-01
2.54710981811180e-01 1.16213164354277e-01
2.61002343061920e-01 1.21678476426450e-01
2.67449100935550e-01 1.27382769974407e-01
2.74055093728660e-01 1.33334674944097e-01
2.80824254543750e-01 1.39542945834816e-01
2.87760613630980e-01 1.46016442077608e-01
2.94868300787670e-01 1.52764105715308e-01
3.02151547817120e-01 1.59794936223280e-01
3.09614691048210e-01 1.67117962321866e-01
3.17262173917100e-01 1.74742210649323e-01
3.25098549612850e-01 1.82676671188107e-01
3.33128483788290e-01 1.90930259369856e-01
3.41356757337860e-01 1.99511774825907e-01
3.49788269244100e-01 2.08429856802374e-01
3.58428039494430e-01 2.17692936323520e-01
3.67281212069950e-01 2.27309185265591e-01
3.76353058008070e-01 2.37286462597530e-01
3.85648978540870e-01 2.47632258156549e-01
3.95174508310830e-01 2.58353634457529e-01
4.04935318666110e-01 2.69457167186345e-01
4.14937221037160e-01 2.80948885201263e-01
4.25186170396780e-01 2.92834211062625e-01
4.35688268805580e-01 3.05117903332281e-01
4.46449769045080e-01 3.17804002127064e-01
4.57477078340490e-01 3.30895779677956e-01
4.68776762175500e-01 3.44395697932204e-01
4.80355548201240e-01 3.58305375539734e-01
4.92220330241810e-01 3.72625566878933e-01
5.04378172398780e-01 3.87356156095708e-01
5.16836313257030e-01 4.02496169441806e-01
5.29602170194480e-01 4.18043809491507e-01
5.42683343798280e-01 4.33996515075992e-01
5.56087622390100e-01 4.50351050979980e-01
5.69822986663130e-01 4.67103631575771e-01
5.83897614433710e-01 4.84250082598241e-01
5.98319885510230e-01 5.01786045162186e-01
6.13098386682330e-01 5.19707225855506e-01
6.28241916833380e-01 5.38009696276893e-01
6.43759492179170e-01 5.56690244682307e-01
6.59660351635990e-01 5.75746781426842e-01
6.75953962321400e-01 5.95178798595413e-01
6.92650025190740e-01 6.14987882573854e-01
7.09758480812950e-01 6.35178276286677e-01
7.27289515289030e-01 6.55757485394061e-01
7.45253566316670e-01 6.76736919881022e-01
7.63661329404690e-01 6.98132559182479e-01
7.82523764240990e-01 7.19965625284826e-01
8.01852101217740e-01 7.42263244167106e-01
8.21657848117820e-01 7.65059071574183e-01
8.41952796966330e-01 7.88393854582545e-01
8.62749031051400e-01 8.12315895941211e-01
8.84058932118370e-01 8.36881384075545e-01
9.05895187741690e-01 8.62154548428226e-01
9.28270798878910e-01 8.88207598214326e-01
9.51199087611220e-01 9.15120403742167e-01
9.74693705075220e-01 9.42979884677258e-01
9.98768639590570e-01 9.71879080994179e-01
1.02343822498850e+00 1.00191590242491e+00
1.04871714914570e+00 1.03319158402001e+00
1.07462046272960e+00 1.06580892220996e+00
1.10116358815900e+00 1.09987043011735e+00
1.12836232878650e+00 1.13547663324608e+00
1.15623287830750e+00 1.17272482245777e+00
1.18479183040170e+00 1.21170867573104e+00
1.21405618861270e+00 1.25251922106572e+00
1.24404337647140e+00 1.29524757709479e+00
1.27477124787020e+00 1.33998966289553e+00
1.30625809769260e+00 1.38685242249830e+00
1.33852267270560e+00 1.43595974636094e+00
1.37158418272150e+00 1.48745437716998e+00
1.40546231203470e+00 0.00000000000000e+00
1.44017723114200e+00 0.00000000000000e+00
1.47574960875120e+00 0.00000000000000e+00
1.51220062408730e+00 0.00000000000000e+00
1.54955197950230e+00 0.00000000000000e+00
1.58782591339600e+00 0.00000000000000e+00
1.62704521345690e+00 0.00000000000000e+00
1.66723323022920e+00 0.00000000000000e+00
1.70841389101590e+00 0.00000000000000e+00
1.75061171412400e+00 0.00000000000000e+00
1.79385182346290e+00 0.00000000000000e+00
1.83815996350240e+00 0.00000000000000e+00
1.88356251460090e+00 0.00000000000000e+00
1.93008650871150e+00 0.00000000000000e+00
1.97775964547670e+00 0.00000000000000e+00
2.02661030872000e+00 0.00000000000000e+00
2.07666758334540e+00 0.00000000000000e+00
2.12796127265400e+00 0.00000000000000e+00
2.18052191608860e+00 0.00000000000000e+00
2.23438080741590e+00 0.00000000000000e+00
2.28957001335910e+00 0.00000000000000e+00
2.34612239268910e+00 0.00000000000000e+00
2.40407161578850e+00 0.00000000000000e+00
2.46345218469850e+00 0.00000000000000e+00
2.52429945366050e+00 0.00000000000000e+00
2.58664965016600e+00 0.00000000000000e+00
2.65053989652510e+00 0.00000000000000e+00
2.71600823196920e+00 0.00000000000000e+00
2.78309363529890e+00 0.00000000000000e+00
2.85183604809070e+00 0.00000000000000e+00
2.92227639847860e+00 0.00000000000000e+00
2.99445662552100e+00 0.00000000000000e+00
3.06841970417140e+00 0.00000000000000e+00
3.14420967086440e+00 0.00000000000000e+00
3.22187164973480e+00 0.00000000000000e+00
3.30145187948320e+00 0.00000000000000e+00
3.38299774090640e+00 0.00000000000000e+00
3.46655778510680e+00 0.00000000000000e+00
3.55218176239900e+00 0.00000000000000e+00
3.63992065193020e+00 0.00000000000000e+00
3.72982669203290e+00 0.00000000000000e+00
3.82195341132610e+00 0.00000000000000e+00
3.91635566058590e+00 0.00000000000000e+00
4.01308964540230e+00 0.00000000000000e+00
4.11221295964380e+00 0.00000000000000e+00
4.21378461974700e+00 0.00000000000000e+00
4.31786509985470e+00 0.00000000000000e+00
4.42451636782110e+00 0.00000000000000e+00
4.53380192210630e+00 0.00000000000000e+00
4.64578682958240e+00 0.00000000000000e+00
4.76053776427300e+00 0.00000000000000e+00
4.87812304705060e+00 0.00000000000000e+00
4.99861268631270e+00 0.00000000000000e+00
5.12207841966470e+00 0.00000000000000e+00
5.24859375663040e+00 0.00000000000000e+00
5.37823402241910e+00 0.00000000000000e+00
5.51107640277290e+00 0.00000000000000e+00
5.64719998992140e+00 0.00000000000000e+00
5.78668582967240e+00 0.00000000000000e+00
5.92961696966530e+00 0.00000000000000e+00
6.07607850881610e+00 0.00000000000000e+00
6.22615764798380e+00 0.00000000000000e+00
6.37994374188900e+00 0.00000000000000e+00
6.53752835231370e+00 0.00000000000000e+00
6.69900530261580e+00 0.00000000000000e+00
6.86447073359050e+00 0.00000000000000e+00
7.03402316071010e+00 0.00000000000000e+00
7.20776353277970e+00 0.00000000000000e+00
7.38579529203930e+00 0.00000000000000e+00
7.56822443575270e+00 0.00000000000000e+00
7.75515957931580e+00 0.00000000000000e+00
7.94671202092490e+00 0.00000000000000e+00
8.14299580784170e+00 0.00000000000000e+00
8.34412780429540e+00 0.00000000000000e+00
8.55022776106150e+00 0.00000000000000e+00
8.76141838675980e+00 0.00000000000000e+00
8.97782542091270e+00 0.00000000000000e+00
9.19957770880930e+00 0.00000000000000e+00
9.42680727821690e+00 0.00000000000000e+00
9.65964941798880e+00 0.00000000000000e+00
9.89824275861310e+00 0.00000000000000e+00
1.01427293547510e+01 0.00000000000000e+00
1.03932547698130e+01 0.00000000000000e+00
1.06499681626280e+01 0.00000000000000e+00
1.09130223762450e+01 0.00000000000000e+00
1.11825740289380e+01 0.00000000000000e+00
1.14587836074530e+01 0.00000000000000e+00
1.17418155625570e+01 0.00000000000000e+00
1.20318384069520e+01 0.00000000000000e+00
1.23290248156030e+01 0.00000000000000e+00
1.26335517285490e+01 0.00000000000000e+00
1.29456004562440e+01 0.00000000000000e+00
1.32653567875130e+01 0.00000000000000e+00
1.35930111001650e+01 0.00000000000000e+00
1.39287584743390e+01 0.00000000000000e+00
1.42727988086550e+01 0.00000000000000e+00
1.46253369392290e+01 0.00000000000000e+00
1.49865827616280e+01 0.00000000000000e+00
1.53567513558400e+01 0.00000000000000e+00
1.57360631143290e+01 0.00000000000000e+00
1.61247438732530e+01 0.00000000000000e+00
1.65230250469230e+01 0.00000000000000e+00
1.69311437655810e+01 0.00000000000000e+00
1.73493430165910e+01 0.00000000000000e+00
1.77778717891010e+01 0.00000000000000e+00
1.82169852222920e+01 0.00000000000000e+00
1.86669447572830e+01 0.00000000000000e+00
1.91280182927870e+01 0.00000000000000e+00
1.96004803446190e+01 0.00000000000000e+00
2.00846122091310e+01 0.00000000000000e+00
2.05807021306970e+01 0.00000000000000e+00
2.10890454733250e+01 0.00000000000000e+00
2.16099448965160e+01 0.00000000000000e+00
2.21437105354600e+01 0.00000000000000e+00
2.26906601856860e+01 0.00000000000000e+00
2.32511194922730e+01 0.00000000000000e+00
2.38254221437320e+01 0.00000000000000e+00
2.44139100706820e+01 0.00000000000000e+00
2.50169336494280e+01 0.00000000000000e+00
2.56348519105690e+01 0.00000000000000e+00
2.62680327527600e+01 0.00000000000000e+00
2.69168531617530e+01 0.00000000000000e+00
2.75816994348480e+01 0.00000000000000e+00
2.82629674108890e+01 0.00000000000000e+00
2.89610627059380e+01 0.00000000000000e+00
2.96764009547740e+01 0.00000000000000e+00
3.04094080583570e+01 0.00000000000000e+00
3.11605204373990e+01 0.00000000000000e+00
3.19301852922020e+01 0.00000000000000e+00
3.27188608689200e+01 0.00000000000000e+00
3.35270167323820e+01 0.00000000000000e+00
3.43551340456720e+01 0.00000000000000e+00
3.52037058566000e+01 0.00000000000000e+00
3.60732373912580e+01 0.00000000000000e+00
3.69642463548220e+01 0.00000000000000e+00
3.78772632397860e+01 0.00000000000000e+00
3.88128316418090e+01 0.00000000000000e+00
3.97715085833620e+01 0.00000000000000e+00
4.07538648453710e+01 0.00000000000000e+00
4.17604853070510e+01 0.00000000000000e+00
4.27919692941360e+01 0.00000000000000e+00
4.38489309357010e+01 0.00000000000000e+00
4.49319995298130e+01 0.00000000000000e+00
4.60418199181990e+01 0.00000000000000e+00
4.71790528701780e+01 0.00000000000000e+00
4.83443754760720e+01 0.00000000000000e+00
4.95384815503310e+01 0.00000000000000e+00
5.07620820446240e+01 0.00000000000000e+00
5.20159054711260e+01 0.00000000000000e+00
5.33006983362630e+01 0.00000000000000e+00
5.46172255851690e+01 0.00000000000000e+00
5.59662710571220e+01 0.00000000000000e+00
5.73486379522330e+01 0.00000000000000e+00
5.87651493096530e+01 0.00000000000000e+00
6.02166484976020e+01 0.00000000000000e+00
6.17039997154930e+01 0.00000000000000e+00
6.32280885084650e+01 0.00000000000000e+00
6.47898222946240e+01 0.00000000000000e+00
6.63901309053020e+01 0.00000000000000e+00
6.80299671386630e+01 0.00000000000000e+00
6.97103073269880e+01 0.00000000000000e+00
7.14321519179640e+01 0.00000000000000e+00
7.31965260703380e+01 0.00000000000000e+00
7.50044802642750e+01 0.00000000000000e+00
7.68570909268030e+01 0.00000000000000e+00
