0.00000000000000e+00  0.00000000000000e+00 0.00000000000000e+00
1.00000000000000e-02 -5.56132712690000e+00 2.30677097300000e+00
2.00000000000000e-02 -5.55952565350000e+00 2.28583294915000e+00
3.00000000000000e-02 -5.55651066066667e+00 2.25112059523333e+00
4.00000000000000e-02 -5.55226342300000e+00 2.20290882550000e+00
5.00000000000000e-02 -5.54675788320000e+00 2.14157930620000e+00
6.00000000000000e-02 -5.53996081066667e+00 2.06761727600000e+00
7.00000000000000e-02 -5.53183200571428e+00 1.98160750471429e+00
8.00000000000000e-02 -5.52232454775000e+00 1.88422943050000e+00
9.00000000000000e-02 -5.51138509022222e+00 1.77625151122222e+00
1.00000000000000e-01 -5.49895419810000e+00 1.65852484730000e+00
1.10000000000000e-01 -5.48496673163636e+00 1.53197612590909e+00
1.20000000000000e-01 -5.46935227325000e+00 1.39759995225000e+00
1.30000000000000e-01 -5.45203559730769e+00 1.25645063400000e+00
1.40000000000000e-01 -5.43293718364286e+00 1.10963349071429e+00
1.50000000000000e-01 -5.41197377166667e+00 9.58295764600000e-01
1.60000000000000e-01 -5.38905895493750e+00 8.03617211750000e-01
1.70000000000000e-01 -5.36410381505882e+00 6.46800456294118e-01
1.80000000000000e-01 -5.33701759205556e+00 4.89061191944444e-01
1.90000000000000e-01 -5.30770838947368e+00 3.31618314100000e-01
2.00000000000000e-01 -5.27608391350000e+00 1.75684071345000e-01
2.10000000000000e-01 -5.24205223809524e+00 2.24543142976191e-02
2.20000000000000e-01 -5.20552260136364e+00 -1.26901061818182e-01
2.30000000000000e-01 -5.16640622173913e+00 -2.71247416539130e-01
2.40000000000000e-01 -5.12461713083333e+00 -4.09494299741667e-01
2.50000000000000e-01 -5.08007302840000e+00 -5.40603991480000e-01
2.60000000000000e-01 -5.03269613615385e+00 -6.63599511961538e-01
2.70000000000000e-01 -4.98241406888889e+00 -7.77572124074074e-01
2.80000000000000e-01 -4.92916069071429e+00 -8.81688136642857e-01
2.90000000000000e-01 -4.87287697655172e+00 -9.75195095551724e-01
3.00000000000000e-01 -4.81351185300000e+00 -1.05742722913333e+00
3.10000000000000e-01 -4.75102302645161e+00 -1.12781012577419e+00
3.20000000000000e-01 -4.68537777406250e+00 -1.18586455696875e+00
3.30000000000000e-01 -4.61655370878788e+00 -1.23120949860606e+00
3.40000000000000e-01 -4.54453953088235e+00 -1.26356454535294e+00
3.50000000000000e-01 -4.46933564428571e+00 -1.28275069485714e+00
3.60000000000000e-01 -4.39095486861111e+00 -1.28869152697222e+00
3.70000000000000e-01 -4.30942292756757e+00 -1.28141215613514e+00
3.80000000000000e-01 -4.22477896131579e+00 -1.26103812755263e+00
3.90000000000000e-01 -4.13707599666667e+00 -1.22779364287179e+00
4.00000000000000e-01 -4.04638123325000e+00 -1.18199824155000e+00
4.10000000000000e-01 -3.95277631707317e+00 -1.12406326260976e+00
4.20000000000000e-01 -3.85635750666667e+00 -1.05448743276190e+00
4.30000000000000e-01 -3.75723573953488e+00 -9.73851763279070e-01
4.40000000000000e-01 -3.65553659931818e+00 -8.82813812045455e-01
4.50000000000000e-01 -3.55140017777778e+00 -7.82101370044444e-01
4.60000000000000e-01 -3.44498082978261e+00 -6.72505632891304e-01
4.70000000000000e-01 -3.33644681723404e+00 -5.54873922063830e-01
4.80000000000000e-01 -3.22597981520833e+00 -4.30101958000000e-01
4.90000000000000e-01 -3.11377438693878e+00 -2.99126101551020e-01
5.00000000000000e-01 -3.00003731760000e+00 -1.62915144282000e-01
5.10000000000000e-01 -2.88498674039216e+00 -2.24617796313725e-02
5.20000000000000e-01 -2.76885122076923e+00 1.21225640682692e-01
5.30000000000000e-01 -2.65186896396226e+00 2.67131452452830e-01
5.40000000000000e-01 -2.53428643925926e+00 4.14241122722222e-01
5.50000000000000e-01 -2.41635740327273e+00 5.61549343781818e-01
5.60000000000000e-01 -2.29834154000000e+00 7.08068091446429e-01
5.70000000000000e-01 -2.18050313333333e+00 8.52834014543860e-01
5.80000000000000e-01 -2.06310967413793e+00 9.94916181258621e-01
5.90000000000000e-01 -1.94643038406780e+00 1.13342255886441e+00
6.00000000000000e-01 -1.83073470916667e+00 1.26750642105000e+00
6.10000000000000e-01 -1.71629074131148e+00 1.39637326916393e+00
6.20000000000000e-01 -1.60336379062903e+00 1.51928355756452e+00
6.30000000000000e-01 -1.49221455250794e+00 1.63556132492064e+00
6.40000000000000e-01 -1.38309773168750e+00 1.74459530421875e+00
6.50000000000000e-01 -1.27626064809231e+00 1.84584168276923e+00
6.60000000000000e-01 -1.17194116107576e+00 1.93883111696970e+00
6.70000000000000e-01 -1.07036666838806e+00 2.02316684671642e+00
6.80000000000000e-01 -9.71752653250000e-01 2.09852669264706e+00
6.90000000000000e-01 -8.76301242579710e-01 2.16466434898551e+00
7.00000000000000e-01 -7.84199619814286e-01 2.22141078985714e+00
7.10000000000000e-01 -6.95619306478873e-01 2.26867116788732e+00
7.20000000000000e-01 -6.10714942277778e-01 2.30642431388889e+00
7.30000000000000e-01 -5.29623378150685e-01 2.33472059945205e+00
7.40000000000000e-01 -4.52462933364865e-01 2.35367913918919e+00
7.50000000000000e-01 -3.79332141120000e-01 2.36348641960000e+00
7.60000000000000e-01 -3.10309873486842e-01 2.36439026223684e+00
7.70000000000000e-01 -2.45454735831169e-01 2.35669640376623e+00
7.80000000000000e-01 -1.84804839589744e-01 2.34076381410256e+00
7.90000000000000e-01 -1.28377739012658e-01 2.31699959924051e+00
8.00000000000000e-01 -7.61705350387500e-02 2.28585353950000e+00
8.10000000000000e-01 -2.81601478506173e-02 2.24781231395062e+00
8.20000000000000e-01 1.56962410548780e-02 2.20339348121951e+00
8.30000000000000e-01 5.54605865939759e-02 2.15313911349398e+00
8.40000000000000e-01 9.12133166119048e-02 2.09760543333333e+00
8.50000000000000e-01 1.23052348011765e-01 2.03735207223529e+00
8.60000000000000e-01 1.51091702697674e-01 1.97293675430233e+00
8.70000000000000e-01 1.75460031298851e-01 1.90491209229885e+00
8.80000000000000e-01 1.96299153204545e-01 1.83382266795455e+00
8.90000000000000e-01 2.13762614752809e-01 1.76020231280899e+00
9.00000000000000e-01 2.28014263844444e-01 1.68457152966667e+00
9.10000000000000e-01 2.39226837692308e-01 1.60743503285714e+00
9.20000000000000e-01 2.47580560402174e-01 1.52927940717391e+00
9.30000000000000e-01 2.53261748946237e-01 1.45057090139785e+00
9.40000000000000e-01 2.56461427925532e-01 1.37175338138298e+00
9.50000000000000e-01 2.57373955873684e-01 1.29324646705263e+00
9.60000000000000e-01 2.56195670875000e-01 1.21544398760417e+00
9.70000000000000e-01 2.53123635412371e-01 1.13871326762887e+00
9.80000000000000e-01 2.48354195061224e-01 1.06339124112245e+00
9.90000000000000e-01 2.42081709161616e-01 9.89786107909091e-01
1.00000000000000e+00 2.34497341290000e-01 9.18175863150000e-01
1.01000000000000e+00 2.25787884772277e-01 8.48807901970297e-01
1.02000000000000e+00 2.16134657205882e-01 7.81898894872549e-01
1.03000000000000e+00 2.05712836281553e-01 7.17636186786408e-01
1.04000000000000e+00 1.94689747134615e-01 6.56175002980769e-01
1.05000000000000e+00 1.83224058695238e-01 5.97640256904762e-01
1.06000000000000e+00 1.71465451386792e-01 5.42128766660377e-01
1.07000000000000e+00 1.59553780476636e-01 4.89709566392523e-01
1.08000000000000e+00 1.47619254444444e-01 4.40426628083333e-01
1.09000000000000e+00 1.35780216146789e-01 3.94296086733945e-01
1.10000000000000e+00 1.24143353036364e-01 3.51309879836364e-01
1.11000000000000e+00 1.12804279108108e-01 3.11438872135135e-01
1.12000000000000e+00 1.01847635892857e-01 2.74634485303571e-01
1.13000000000000e+00 9.13462625132743e-02 2.40828859522124e-01
1.14000000000000e+00 8.13597142105263e-02 2.09935209070175e-01
1.15000000000000e+00 7.19372269686957e-02 1.81853670278261e-01
1.16000000000000e+00 6.31180656801724e-02 1.56472417155172e-01
1.17000000000000e+00 5.49295014504274e-02 1.33666859863248e-01
1.18000000000000e+00 4.73878087355932e-02 1.13302977220339e-01
1.19000000000000e+00 4.05007438159664e-02 9.52405366638655e-02
1.20000000000000e+00 3.42685585591667e-02 7.93339749000000e-02
1.21000000000000e+00 2.86797316347107e-02 6.54323277570248e-02
1.22000000000000e+00 2.37171948098361e-02 5.33838058754098e-02
1.23000000000000e+00 1.93582959560976e-02 4.30354581967480e-02
1.24000000000000e+00 1.55724679637097e-02 3.42351021258065e-02
1.25000000000000e+00 1.23249902616000e-02 2.68334897360000e-02
1.26000000000000e+00 9.57806020396825e-03 2.06834687730159e-02
1.27000000000000e+00 7.28954364236220e-03 1.56433914874016e-02
1.28000000000000e+00 5.41566931765625e-03 1.15781765867187e-02
1.29000000000000e+00 3.91161849689922e-03 8.35651476666667e-03
1.30000000000000e+00 2.73167983107692e-03 5.85703619053846e-03
1.31000000000000e+00 1.83127611503817e-03 3.96695639381679e-03
1.32000000000000e+00 1.16600353484848e-03 2.57762544272727e-03
1.33000000000000e+00 6.94599481210526e-04 1.59553540616541e-03
1.34000000000000e+00 3.78292466537313e-04 9.34282234179105e-04
1.35000000000000e+00 1.79923771096296e-04 5.13808339822222e-04
1.36000000000000e+00 6.91363897286765e-05 2.71712399544118e-04
1.37000000000000e+00 1.72296304817518e-05 1.49146646970803e-04
1.38000000000000e+00 1.08271770746377e-06 1.00300101681159e-04
1.39000000000000e+00 4.13853662661871e-06 9.24422103381295e-05
1.40000000000000e+00 1.06557859857143e-05 9.48070986642857e-05
1.41000000000000e+00 1.65441987638298e-05 1.00601095702128e-04
1.42000000000000e+00 1.70971837049296e-05 9.72024616056338e-05
1.43000000000000e+00 1.00386725286713e-05 5.60707272650350e-05
1.44000000000000e+00 3.11561296986111e-07 1.71811938173611e-06
1.45000000000000e+00 -9.84260316344828e-07 -5.57580204889655e-06
1.46000000000000e+00 0.00000000000000e+00 0.00000000000000e+00
1.47000000000000e+00 0.00000000000000e+00 0.00000000000000e+00
1.48000000000000e+00 0.00000000000000e+00 0.00000000000000e+00
1.49000000000000e+00 0.00000000000000e+00 0.00000000000000e+00
1.50000000000000e+00 0.00000000000000e+00 0.00000000000000e+00
1.51000000000000e+00 0.00000000000000e+00 0.00000000000000e+00
1.52000000000000e+00 0.00000000000000e+00 0.00000000000000e+00
1.53000000000000e+00 0.00000000000000e+00 0.00000000000000e+00
1.54000000000000e+00 0.00000000000000e+00 0.00000000000000e+00
1.55000000000000e+00 0.00000000000000e+00 0.00000000000000e+00
1.56000000000000e+00 0.00000000000000e+00 0.00000000000000e+00
1.57000000000000e+00 0.00000000000000e+00 0.00000000000000e+00
1.58000000000000e+00 0.00000000000000e+00 0.00000000000000e+00
1.59000000000000e+00 0.00000000000000e+00 0.00000000000000e+00
1.60000000000000e+00 0.00000000000000e+00 0.00000000000000e+00
1.61000000000000e+00 0.00000000000000e+00 0.00000000000000e+00
1.62000000000000e+00 0.00000000000000e+00 0.00000000000000e+00
1.63000000000000e+00 0.00000000000000e+00 0.00000000000000e+00
1.64000000000000e+00 0.00000000000000e+00 0.00000000000000e+00
1.65000000000000e+00 0.00000000000000e+00 0.00000000000000e+00
1.66000000000000e+00 0.00000000000000e+00 0.00000000000000e+00
1.67000000000000e+00 0.00000000000000e+00 0.00000000000000e+00
1.68000000000000e+00 0.00000000000000e+00 0.00000000000000e+00
1.69000000000000e+00 0.00000000000000e+00 0.00000000000000e+00
1.70000000000000e+00 0.00000000000000e+00 0.00000000000000e+00
1.71000000000000e+00 0.00000000000000e+00 0.00000000000000e+00
1.72000000000000e+00 0.00000000000000e+00 0.00000000000000e+00
1.73000000000000e+00 0.00000000000000e+00 0.00000000000000e+00
1.74000000000000e+00 0.00000000000000e+00 0.00000000000000e+00
1.75000000000000e+00 0.00000000000000e+00 0.00000000000000e+00
1.76000000000000e+00 0.00000000000000e+00 0.00000000000000e+00
1.77000000000000e+00 0.00000000000000e+00 0.00000000000000e+00
1.78000000000000e+00 0.00000000000000e+00 0.00000000000000e+00
1.79000000000000e+00 0.00000000000000e+00 0.00000000000000e+00
1.80000000000000e+00 0.00000000000000e+00 0.00000000000000e+00
1.81000000000000e+00 0.00000000000000e+00 0.00000000000000e+00
1.82000000000000e+00 0.00000000000000e+00 0.00000000000000e+00
1.83000000000000e+00 0.00000000000000e+00 0.00000000000000e+00
1.84000000000000e+00 0.00000000000000e+00 0.00000000000000e+00
1.85000000000000e+00 0.00000000000000e+00 0.00000000000000e+00
1.86000000000000e+00 0.00000000000000e+00 0.00000000000000e+00
1.87000000000000e+00 0.00000000000000e+00 0.00000000000000e+00
1.88000000000000e+00 0.00000000000000e+00 0.00000000000000e+00
1.89000000000000e+00 0.00000000000000e+00 0.00000000000000e+00
1.90000000000000e+00 0.00000000000000e+00 0.00000000000000e+00
1.91000000000000e+00 0.00000000000000e+00 0.00000000000000e+00
1.92000000000000e+00 0.00000000000000e+00 0.00000000000000e+00
1.93000000000000e+00 0.00000000000000e+00 0.00000000000000e+00
1.94000000000000e+00 0.00000000000000e+00 0.00000000000000e+00
1.95000000000000e+00 0.00000000000000e+00 0.00000000000000e+00
1.96000000000000e+00 0.00000000000000e+00 0.00000000000000e+00
1.97000000000000e+00 0.00000000000000e+00 0.00000000000000e+00
1.98000000000000e+00 0.00000000000000e+00 0.00000000000000e+00
1.99000000000000e+00 0.00000000000000e+00 0.00000000000000e+00
2.00000000000000e+00 0.00000000000000e+00 0.00000000000000e+00
2.01000000000000e+00 0.00000000000000e+00 0.00000000000000e+00
2.02000000000000e+00 0.00000000000000e+00 0.00000000000000e+00
2.03000000000000e+00 0.00000000000000e+00 0.00000000000000e+00
2.04000000000000e+00 0.00000000000000e+00 0.00000000000000e+00
2.05000000000000e+00 0.00000000000000e+00 0.00000000000000e+00
2.06000000000000e+00 0.00000000000000e+00 0.00000000000000e+00
2.07000000000000e+00 0.00000000000000e+00 0.00000000000000e+00
2.08000000000000e+00 0.00000000000000e+00 0.00000000000000e+00
2.09000000000000e+00 0.00000000000000e+00 0.00000000000000e+00
2.10000000000000e+00 0.00000000000000e+00 0.00000000000000e+00
2.11000000000000e+00 0.00000000000000e+00 0.00000000000000e+00
2.12000000000000e+00 0.00000000000000e+00 0.00000000000000e+00
2.13000000000000e+00 0.00000000000000e+00 0.00000000000000e+00
2.14000000000000e+00 0.00000000000000e+00 0.00000000000000e+00
2.15000000000000e+00 0.00000000000000e+00 0.00000000000000e+00
2.16000000000000e+00 0.00000000000000e+00 0.00000000000000e+00
2.17000000000000e+00 0.00000000000000e+00 0.00000000000000e+00
2.18000000000000e+00 0.00000000000000e+00 0.00000000000000e+00
2.19000000000000e+00 0.00000000000000e+00 0.00000000000000e+00
2.20000000000000e+00 0.00000000000000e+00 0.00000000000000e+00
2.21000000000000e+00 0.00000000000000e+00 0.00000000000000e+00
2.22000000000000e+00 0.00000000000000e+00 0.00000000000000e+00
2.23000000000000e+00 0.00000000000000e+00 0.00000000000000e+00
2.24000000000000e+00 0.00000000000000e+00 0.00000000000000e+00
2.25000000000000e+00 0.00000000000000e+00 0.00000000000000e+00
2.26000000000000e+00 0.00000000000000e+00 0.00000000000000e+00
2.27000000000000e+00 0.00000000000000e+00 0.00000000000000e+00
2.28000000000000e+00 0.00000000000000e+00 0.00000000000000e+00
2.29000000000000e+00 0.00000000000000e+00 0.00000000000000e+00
2.30000000000000e+00 0.00000000000000e+00 0.00000000000000e+00
2.31000000000000e+00 0.00000000000000e+00 0.00000000000000e+00
2.32000000000000e+00 0.00000000000000e+00 0.00000000000000e+00
2.33000000000000e+00 0.00000000000000e+00 0.00000000000000e+00
2.34000000000000e+00 0.00000000000000e+00 0.00000000000000e+00
2.35000000000000e+00 0.00000000000000e+00 0.00000000000000e+00
2.36000000000000e+00 0.00000000000000e+00 0.00000000000000e+00
2.37000000000000e+00 0.00000000000000e+00 0.00000000000000e+00
2.38000000000000e+00 0.00000000000000e+00 0.00000000000000e+00
2.39000000000000e+00 0.00000000000000e+00 0.00000000000000e+00
2.40000000000000e+00 0.00000000000000e+00 0.00000000000000e+00
2.41000000000000e+00 0.00000000000000e+00 0.00000000000000e+00
2.42000000000000e+00 0.00000000000000e+00 0.00000000000000e+00
2.43000000000000e+00 0.00000000000000e+00 0.00000000000000e+00
2.44000000000000e+00 0.00000000000000e+00 0.00000000000000e+00
2.45000000000000e+00 0.00000000000000e+00 0.00000000000000e+00
2.46000000000000e+00 0.00000000000000e+00 0.00000000000000e+00
2.47000000000000e+00 0.00000000000000e+00 0.00000000000000e+00
2.48000000000000e+00 0.00000000000000e+00 0.00000000000000e+00
2.49000000000000e+00 0.00000000000000e+00 0.00000000000000e+00
2.50000000000000e+00 0.00000000000000e+00 0.00000000000000e+00
2.51000000000000e+00 0.00000000000000e+00 0.00000000000000e+00
2.52000000000000e+00 0.00000000000000e+00 0.00000000000000e+00
2.53000000000000e+00 0.00000000000000e+00 0.00000000000000e+00
2.54000000000000e+00 0.00000000000000e+00 0.00000000000000e+00
2.55000000000000e+00 0.00000000000000e+00 0.00000000000000e+00
2.56000000000000e+00 0.00000000000000e+00 0.00000000000000e+00
2.57000000000000e+00 0.00000000000000e+00 0.00000000000000e+00
2.58000000000000e+00 0.00000000000000e+00 0.00000000000000e+00
2.59000000000000e+00 0.00000000000000e+00 0.00000000000000e+00
2.60000000000000e+00 0.00000000000000e+00 0.00000000000000e+00
2.61000000000000e+00 0.00000000000000e+00 0.00000000000000e+00
2.62000000000000e+00 0.00000000000000e+00 0.00000000000000e+00
2.63000000000000e+00 0.00000000000000e+00 0.00000000000000e+00
2.64000000000000e+00 0.00000000000000e+00 0.00000000000000e+00
2.65000000000000e+00 0.00000000000000e+00 0.00000000000000e+00
2.66000000000000e+00 0.00000000000000e+00 0.00000000000000e+00
2.67000000000000e+00 0.00000000000000e+00 0.00000000000000e+00
2.68000000000000e+00 0.00000000000000e+00 0.00000000000000e+00
2.69000000000000e+00 0.00000000000000e+00 0.00000000000000e+00
2.70000000000000e+00 0.00000000000000e+00 0.00000000000000e+00
2.71000000000000e+00 0.00000000000000e+00 0.00000000000000e+00
2.72000000000000e+00 0.00000000000000e+00 0.00000000000000e+00
2.73000000000000e+00 0.00000000000000e+00 0.00000000000000e+00
2.74000000000000e+00 0.00000000000000e+00 0.00000000000000e+00
2.75000000000000e+00 0.00000000000000e+00 0.00000000000000e+00
2.76000000000000e+00 0.00000000000000e+00 0.00000000000000e+00
2.77000000000000e+00 0.00000000000000e+00 0.00000000000000e+00
2.78000000000000e+00 0.00000000000000e+00 0.00000000000000e+00
2.79000000000000e+00 0.00000000000000e+00 0.00000000000000e+00
2.80000000000000e+00 0.00000000000000e+00 0.00000000000000e+00
2.81000000000000e+00 0.00000000000000e+00 0.00000000000000e+00
2.82000000000000e+00 0.00000000000000e+00 0.00000000000000e+00
2.83000000000000e+00 0.00000000000000e+00 0.00000000000000e+00
2.84000000000000e+00 0.00000000000000e+00 0.00000000000000e+00
2.85000000000000e+00 0.00000000000000e+00 0.00000000000000e+00
2.86000000000000e+00 0.00000000000000e+00 0.00000000000000e+00
2.87000000000000e+00 0.00000000000000e+00 0.00000000000000e+00
2.88000000000000e+00 0.00000000000000e+00 0.00000000000000e+00
2.89000000000000e+00 0.00000000000000e+00 0.00000000000000e+00
2.90000000000000e+00 0.00000000000000e+00 0.00000000000000e+00
2.91000000000000e+00 0.00000000000000e+00 0.00000000000000e+00
2.92000000000000e+00 0.00000000000000e+00 0.00000000000000e+00
2.93000000000000e+00 0.00000000000000e+00 0.00000000000000e+00
2.94000000000000e+00 0.00000000000000e+00 0.00000000000000e+00
2.95000000000000e+00 0.00000000000000e+00 0.00000000000000e+00
2.96000000000000e+00 0.00000000000000e+00 0.00000000000000e+00
2.97000000000000e+00 0.00000000000000e+00 0.00000000000000e+00
2.98000000000000e+00 0.00000000000000e+00 0.00000000000000e+00
2.99000000000000e+00 0.00000000000000e+00 0.00000000000000e+00
3.00000000000000e+00 0.00000000000000e+00 0.00000000000000e+00
3.01000000000000e+00 0.00000000000000e+00 0.00000000000000e+00
3.02000000000000e+00 0.00000000000000e+00 0.00000000000000e+00
3.03000000000000e+00 0.00000000000000e+00 0.00000000000000e+00
3.04000000000000e+00 0.00000000000000e+00 0.00000000000000e+00
3.05000000000000e+00 0.00000000000000e+00 0.00000000000000e+00
3.06000000000000e+00 0.00000000000000e+00 0.00000000000000e+00
3.07000000000000e+00 0.00000000000000e+00 0.00000000000000e+00
3.08000000000000e+00 0.00000000000000e+00 0.00000000000000e+00
3.09000000000000e+00 0.00000000000000e+00 0.00000000000000e+00
3.10000000000000e+00 0.00000000000000e+00 0.00000000000000e+00
3.11000000000000e+00 0.00000000000000e+00 0.00000000000000e+00
3.12000000000000e+00 0.00000000000000e+00 0.00000000000000e+00
3.13000000000000e+00 0.00000000000000e+00 0.00000000000000e+00
3.14000000000000e+00 0.00000000000000e+00 0.00000000000000e+00
3.15000000000000e+00 0.00000000000000e+00 0.00000000000000e+00
3.16000000000000e+00 0.00000000000000e+00 0.00000000000000e+00
3.17000000000000e+00 0.00000000000000e+00 0.00000000000000e+00
3.18000000000000e+00 0.00000000000000e+00 0.00000000000000e+00
3.19000000000000e+00 0.00000000000000e+00 0.00000000000000e+00
3.20000000000000e+00 0.00000000000000e+00 0.00000000000000e+00
3.21000000000000e+00 0.00000000000000e+00 0.00000000000000e+00
3.22000000000000e+00 0.00000000000000e+00 0.00000000000000e+00
3.23000000000000e+00 0.00000000000000e+00 0.00000000000000e+00
3.24000000000000e+00 0.00000000000000e+00 0.00000000000000e+00
3.25000000000000e+00 0.00000000000000e+00 0.00000000000000e+00
3.26000000000000e+00 0.00000000000000e+00 0.00000000000000e+00
3.27000000000000e+00 0.00000000000000e+00 0.00000000000000e+00
3.28000000000000e+00 0.00000000000000e+00 0.00000000000000e+00
3.29000000000000e+00 0.00000000000000e+00 0.00000000000000e+00
3.30000000000000e+00 0.00000000000000e+00 0.00000000000000e+00
3.31000000000000e+00 0.00000000000000e+00 0.00000000000000e+00
3.32000000000000e+00 0.00000000000000e+00 0.00000000000000e+00
3.33000000000000e+00 0.00000000000000e+00 0.00000000000000e+00
3.34000000000000e+00 0.00000000000000e+00 0.00000000000000e+00
3.35000000000000e+00 0.00000000000000e+00 0.00000000000000e+00
3.36000000000000e+00 0.00000000000000e+00 0.00000000000000e+00
3.37000000000000e+00 0.00000000000000e+00 0.00000000000000e+00
3.38000000000000e+00 0.00000000000000e+00 0.00000000000000e+00
3.39000000000000e+00 0.00000000000000e+00 0.00000000000000e+00
3.40000000000000e+00 0.00000000000000e+00 0.00000000000000e+00
3.41000000000000e+00 0.00000000000000e+00 0.00000000000000e+00
3.42000000000000e+00 0.00000000000000e+00 0.00000000000000e+00
3.43000000000000e+00 0.00000000000000e+00 0.00000000000000e+00
3.44000000000000e+00 0.00000000000000e+00 0.00000000000000e+00
3.45000000000000e+00 0.00000000000000e+00 0.00000000000000e+00
3.46000000000000e+00 0.00000000000000e+00 0.00000000000000e+00
3.47000000000000e+00 0.00000000000000e+00 0.00000000000000e+00
3.48000000000000e+00 0.00000000000000e+00 0.00000000000000e+00
3.49000000000000e+00 0.00000000000000e+00 0.00000000000000e+00
3.50000000000000e+00 0.00000000000000e+00 0.00000000000000e+00
3.51000000000000e+00 0.00000000000000e+00 0.00000000000000e+00
3.52000000000000e+00 0.00000000000000e+00 0.00000000000000e+00
3.53000000000000e+00 0.00000000000000e+00 0.00000000000000e+00
3.54000000000000e+00 0.00000000000000e+00 0.00000000000000e+00
3.55000000000000e+00 0.00000000000000e+00 0.00000000000000e+00
3.56000000000000e+00 0.00000000000000e+00 0.00000000000000e+00
3.57000000000000e+00 0.00000000000000e+00 0.00000000000000e+00
3.58000000000000e+00 0.00000000000000e+00 0.00000000000000e+00
3.59000000000000e+00 0.00000000000000e+00 0.00000000000000e+00
3.60000000000000e+00 0.00000000000000e+00 0.00000000000000e+00
3.61000000000000e+00 0.00000000000000e+00 0.00000000000000e+00
3.62000000000000e+00 0.00000000000000e+00 0.00000000000000e+00
3.63000000000000e+00 0.00000000000000e+00 0.00000000000000e+00
3.64000000000000e+00 0.00000000000000e+00 0.00000000000000e+00
3.65000000000000e+00 0.00000000000000e+00 0.00000000000000e+00
3.66000000000000e+00 0.00000000000000e+00 0.00000000000000e+00
3.67000000000000e+00 0.00000000000000e+00 0.00000000000000e+00
3.68000000000000e+00 0.00000000000000e+00 0.00000000000000e+00
3.69000000000000e+00 0.00000000000000e+00 0.00000000000000e+00
3.70000000000000e+00 0.00000000000000e+00 0.00000000000000e+00
3.71000000000000e+00 0.00000000000000e+00 0.00000000000000e+00
3.72000000000000e+00 0.00000000000000e+00 0.00000000000000e+00
3.73000000000000e+00 0.00000000000000e+00 0.00000000000000e+00
3.74000000000000e+00 0.00000000000000e+00 0.00000000000000e+00
3.75000000000000e+00 0.00000000000000e+00 0.00000000000000e+00
3.76000000000000e+00 0.00000000000000e+00 0.00000000000000e+00
3.77000000000000e+00 0.00000000000000e+00 0.00000000000000e+00
3.78000000000000e+00 0.00000000000000e+00 0.00000000000000e+00
3.79000000000000e+00 0.00000000000000e+00 0.00000000000000e+00
3.80000000000000e+00 0.00000000000000e+00 0.00000000000000e+00
3.81000000000000e+00 0.00000000000000e+00 0.00000000000000e+00
3.82000000000000e+00 0.00000000000000e+00 0.00000000000000e+00
3.83000000000000e+00 0.00000000000000e+00 0.00000000000000e+00
3.84000000000000e+00 0.00000000000000e+00 0.00000000000000e+00
3.85000000000000e+00 0.00000000000000e+00 0.00000000000000e+00
3.86000000000000e+00 0.00000000000000e+00 0.00000000000000e+00
3.87000000000000e+00 0.00000000000000e+00 0.00000000000000e+00
3.88000000000000e+00 0.00000000000000e+00 0.00000000000000e+00
3.89000000000000e+00 0.00000000000000e+00 0.00000000000000e+00
3.90000000000000e+00 0.00000000000000e+00 0.00000000000000e+00
3.91000000000000e+00 0.00000000000000e+00 0.00000000000000e+00
3.92000000000000e+00 0.00000000000000e+00 0.00000000000000e+00
3.93000000000000e+00 0.00000000000000e+00 0.00000000000000e+00
3.94000000000000e+00 0.00000000000000e+00 0.00000000000000e+00
3.95000000000000e+00 0.00000000000000e+00 0.00000000000000e+00
3.96000000000000e+00 0.00000000000000e+00 0.00000000000000e+00
3.97000000000000e+00 0.00000000000000e+00 0.00000000000000e+00
3.98000000000000e+00 0.00000000000000e+00 0.00000000000000e+00
3.99000000000000e+00 0.00000000000000e+00 0.00000000000000e+00
4.00000000000000e+00 0.00000000000000e+00 0.00000000000000e+00
4.01000000000000e+00 0.00000000000000e+00 0.00000000000000e+00
4.02000000000000e+00 0.00000000000000e+00 0.00000000000000e+00
4.03000000000000e+00 0.00000000000000e+00 0.00000000000000e+00
4.04000000000000e+00 0.00000000000000e+00 0.00000000000000e+00
4.05000000000000e+00 0.00000000000000e+00 0.00000000000000e+00
4.06000000000000e+00 0.00000000000000e+00 0.00000000000000e+00
4.07000000000000e+00 0.00000000000000e+00 0.00000000000000e+00
4.08000000000000e+00 0.00000000000000e+00 0.00000000000000e+00
4.09000000000000e+00 0.00000000000000e+00 0.00000000000000e+00
4.10000000000000e+00 0.00000000000000e+00 0.00000000000000e+00
4.11000000000000e+00 0.00000000000000e+00 0.00000000000000e+00
4.12000000000000e+00 0.00000000000000e+00 0.00000000000000e+00
4.13000000000000e+00 0.00000000000000e+00 0.00000000000000e+00
4.14000000000000e+00 0.00000000000000e+00 0.00000000000000e+00
4.15000000000000e+00 0.00000000000000e+00 0.00000000000000e+00
4.16000000000000e+00 0.00000000000000e+00 0.00000000000000e+00
4.17000000000000e+00 0.00000000000000e+00 0.00000000000000e+00
4.18000000000000e+00 0.00000000000000e+00 0.00000000000000e+00
4.19000000000000e+00 0.00000000000000e+00 0.00000000000000e+00
4.20000000000000e+00 0.00000000000000e+00 0.00000000000000e+00
4.21000000000000e+00 0.00000000000000e+00 0.00000000000000e+00
4.22000000000000e+00 0.00000000000000e+00 0.00000000000000e+00
4.23000000000000e+00 0.00000000000000e+00 0.00000000000000e+00
4.24000000000000e+00 0.00000000000000e+00 0.00000000000000e+00
4.25000000000000e+00 0.00000000000000e+00 0.00000000000000e+00
4.26000000000000e+00 0.00000000000000e+00 0.00000000000000e+00
4.27000000000000e+00 0.00000000000000e+00 0.00000000000000e+00
4.28000000000000e+00 0.00000000000000e+00 0.00000000000000e+00
4.29000000000000e+00 0.00000000000000e+00 0.00000000000000e+00
4.30000000000000e+00 0.00000000000000e+00 0.00000000000000e+00
4.31000000000000e+00 0.00000000000000e+00 0.00000000000000e+00
4.32000000000000e+00 0.00000000000000e+00 0.00000000000000e+00
4.33000000000000e+00 0.00000000000000e+00 0.00000000000000e+00
4.34000000000000e+00 0.00000000000000e+00 0.00000000000000e+00
4.35000000000000e+00 0.00000000000000e+00 0.00000000000000e+00
4.36000000000000e+00 0.00000000000000e+00 0.00000000000000e+00
4.37000000000000e+00 0.00000000000000e+00 0.00000000000000e+00
4.38000000000000e+00 0.00000000000000e+00 0.00000000000000e+00
4.39000000000000e+00 0.00000000000000e+00 0.00000000000000e+00
4.40000000000000e+00 0.00000000000000e+00 0.00000000000000e+00
4.41000000000000e+00 0.00000000000000e+00 0.00000000000000e+00
4.42000000000000e+00 0.00000000000000e+00 0.00000000000000e+00
4.43000000000000e+00 0.00000000000000e+00 0.00000000000000e+00
4.44000000000000e+00 0.00000000000000e+00 0.00000000000000e+00
4.45000000000000e+00 0.00000000000000e+00 0.00000000000000e+00
4.46000000000000e+00 0.00000000000000e+00 0.00000000000000e+00
4.47000000000000e+00 0.00000000000000e+00 0.00000000000000e+00
4.48000000000000e+00 0.00000000000000e+00 0.00000000000000e+00
4.49000000000000e+00 0.00000000000000e+00 0.00000000000000e+00
4.50000000000000e+00 0.00000000000000e+00 0.00000000000000e+00
4.51000000000000e+00 0.00000000000000e+00 0.00000000000000e+00
4.52000000000000e+00 0.00000000000000e+00 0.00000000000000e+00
4.53000000000000e+00 0.00000000000000e+00 0.00000000000000e+00
4.54000000000000e+00 0.00000000000000e+00 0.00000000000000e+00
4.55000000000000e+00 0.00000000000000e+00 0.00000000000000e+00
4.56000000000000e+00 0.00000000000000e+00 0.00000000000000e+00
4.57000000000000e+00 0.00000000000000e+00 0.00000000000000e+00
4.58000000000000e+00 0.00000000000000e+00 0.00000000000000e+00
4.59000000000000e+00 0.00000000000000e+00 0.00000000000000e+00
4.60000000000000e+00 0.00000000000000e+00 0.00000000000000e+00
4.61000000000000e+00 0.00000000000000e+00 0.00000000000000e+00
4.62000000000000e+00 0.00000000000000e+00 0.00000000000000e+00
4.63000000000000e+00 0.00000000000000e+00 0.00000000000000e+00
4.64000000000000e+00 0.00000000000000e+00 0.00000000000000e+00
4.65000000000000e+00 0.00000000000000e+00 0.00000000000000e+00
4.66000000000000e+00 0.00000000000000e+00 0.00000000000000e+00
4.67000000000000e+00 0.00000000000000e+00 0.00000000000000e+00
4.68000000000000e+00 0.00000000000000e+00 0.00000000000000e+00
4.69000000000000e+00 0.00000000000000e+00 0.00000000000000e+00
4.70000000000000e+00 0.00000000000000e+00 0.00000000000000e+00
4.71000000000000e+00 0.00000000000000e+00 0.00000000000000e+00
4.72000000000000e+00 0.00000000000000e+00 0.00000000000000e+00
4.73000000000000e+00 0.00000000000000e+00 0.00000000000000e+00
4.74000000000000e+00 0.00000000000000e+00 0.00000000000000e+00
4.75000000000000e+00 0.00000000000000e+00 0.00000000000000e+00
4.76000000000000e+00 0.00000000000000e+00 0.00000000000000e+00
4.77000000000000e+00 0.00000000000000e+00 0.00000000000000e+00
4.78000000000000e+00 0.00000000000000e+00 0.00000000000000e+00
4.79000000000000e+00 0.00000000000000e+00 0.00000000000000e+00
4.80000000000000e+00 0.00000000000000e+00 0.00000000000000e+00
4.81000000000000e+00 0.00000000000000e+00 0.00000000000000e+00
4.82000000000000e+00 0.00000000000000e+00 0.00000000000000e+00
4.83000000000000e+00 0.00000000000000e+00 0.00000000000000e+00
4.84000000000000e+00 0.00000000000000e+00 0.00000000000000e+00
4.85000000000000e+00 0.00000000000000e+00 0.00000000000000e+00
4.86000000000000e+00 0.00000000000000e+00 0.00000000000000e+00
4.87000000000000e+00 0.00000000000000e+00 0.00000000000000e+00
4.88000000000000e+00 0.00000000000000e+00 0.00000000000000e+00
4.89000000000000e+00 0.00000000000000e+00 0.00000000000000e+00
4.90000000000000e+00 0.00000000000000e+00 0.00000000000000e+00
4.91000000000000e+00 0.00000000000000e+00 0.00000000000000e+00
4.92000000000000e+00 0.00000000000000e+00 0.00000000000000e+00
4.93000000000000e+00 0.00000000000000e+00 0.00000000000000e+00
4.94000000000000e+00 0.00000000000000e+00 0.00000000000000e+00
4.95000000000000e+00 0.00000000000000e+00 0.00000000000000e+00
4.96000000000000e+00 0.00000000000000e+00 0.00000000000000e+00
4.97000000000000e+00 0.00000000000000e+00 0.00000000000000e+00
4.98000000000000e+00 0.00000000000000e+00 0.00000000000000e+00
4.99000000000000e+00 0.00000000000000e+00 0.00000000000000e+00
5.00000000000000e+00 0.00000000000000e+00 0.00000000000000e+00
5.01000000000000e+00 0.00000000000000e+00 0.00000000000000e+00
5.02000000000000e+00 0.00000000000000e+00 0.00000000000000e+00
5.03000000000000e+00 0.00000000000000e+00 0.00000000000000e+00
5.04000000000000e+00 0.00000000000000e+00 0.00000000000000e+00
5.05000000000000e+00 0.00000000000000e+00 0.00000000000000e+00
5.06000000000000e+00 0.00000000000000e+00 0.00000000000000e+00
5.07000000000000e+00 0.00000000000000e+00 0.00000000000000e+00
5.08000000000000e+00 0.00000000000000e+00 0.00000000000000e+00
5.09000000000000e+00 0.00000000000000e+00 0.00000000000000e+00
5.10000000000000e+00 0.00000000000000e+00 0.00000000000000e+00
5.11000000000000e+00 0.00000000000000e+00 0.00000000000000e+00
5.12000000000000e+00 0.00000000000000e+00 0.00000000000000e+00
5.13000000000000e+00 0.00000000000000e+00 0.00000000000000e+00
5.14000000000000e+00 0.00000000000000e+00 0.00000000000000e+00
5.15000000000000e+00 0.00000000000000e+00 0.00000000000000e+00
5.16000000000000e+00 0.00000000000000e+00 0.00000000000000e+00
5.17000000000000e+00 0.00000000000000e+00 0.00000000000000e+00
5.18000000000000e+00 0.00000000000000e+00 0.00000000000000e+00
5.19000000000000e+00 0.00000000000000e+00 0.00000000000000e+00
5.20000000000000e+00 0.00000000000000e+00 0.00000000000000e+00
5.21000000000000e+00 0.00000000000000e+00 0.00000000000000e+00
5.22000000000000e+00 0.00000000000000e+00 0.00000000000000e+00
5.23000000000000e+00 0.00000000000000e+00 0.00000000000000e+00
5.24000000000000e+00 0.00000000000000e+00 0.00000000000000e+00
5.25000000000000e+00 0.00000000000000e+00 0.00000000000000e+00
5.26000000000000e+00 0.00000000000000e+00 0.00000000000000e+00
5.27000000000000e+00 0.00000000000000e+00 0.00000000000000e+00
5.28000000000000e+00 0.00000000000000e+00 0.00000000000000e+00
5.29000000000000e+00 0.00000000000000e+00 0.00000000000000e+00
5.30000000000000e+00 0.00000000000000e+00 0.00000000000000e+00
5.31000000000000e+00 0.00000000000000e+00 0.00000000000000e+00
5.32000000000000e+00 0.00000000000000e+00 0.00000000000000e+00
5.33000000000000e+00 0.00000000000000e+00 0.00000000000000e+00
5.34000000000000e+00 0.00000000000000e+00 0.00000000000000e+00
5.35000000000000e+00 0.00000000000000e+00 0.00000000000000e+00
5.36000000000000e+00 0.00000000000000e+00 0.00000000000000e+00
5.37000000000000e+00 0.00000000000000e+00 0.00000000000000e+00
5.38000000000000e+00 0.00000000000000e+00 0.00000000000000e+00
5.39000000000000e+00 0.00000000000000e+00 0.00000000000000e+00
5.40000000000000e+00 0.00000000000000e+00 0.00000000000000e+00
5.41000000000000e+00 0.00000000000000e+00 0.00000000000000e+00
5.42000000000000e+00 0.00000000000000e+00 0.00000000000000e+00
5.43000000000000e+00 0.00000000000000e+00 0.00000000000000e+00
5.44000000000000e+00 0.00000000000000e+00 0.00000000000000e+00
5.45000000000000e+00 0.00000000000000e+00 0.00000000000000e+00
5.46000000000000e+00 0.00000000000000e+00 0.00000000000000e+00
5.47000000000000e+00 0.00000000000000e+00 0.00000000000000e+00
5.48000000000000e+00 0.00000000000000e+00 0.00000000000000e+00
5.49000000000000e+00 0.00000000000000e+00 0.00000000000000e+00
5.50000000000000e+00 0.00000000000000e+00 0.00000000000000e+00
5.51000000000000e+00 0.00000000000000e+00 0.00000000000000e+00
5.52000000000000e+00 0.00000000000000e+00 0.00000000000000e+00
5.53000000000000e+00 0.00000000000000e+00 0.00000000000000e+00
5.54000000000000e+00 0.00000000000000e+00 0.00000000000000e+00
5.55000000000000e+00 0.00000000000000e+00 0.00000000000000e+00
5.56000000000000e+00 0.00000000000000e+00 0.00000000000000e+00
5.57000000000000e+00 0.00000000000000e+00 0.00000000000000e+00
5.58000000000000e+00 0.00000000000000e+00 0.00000000000000e+00
5.59000000000000e+00 0.00000000000000e+00 0.00000000000000e+00
5.60000000000000e+00 0.00000000000000e+00 0.00000000000000e+00
5.61000000000000e+00 0.00000000000000e+00 0.00000000000000e+00
5.62000000000000e+00 0.00000000000000e+00 0.00000000000000e+00
5.63000000000000e+00 0.00000000000000e+00 0.00000000000000e+00
5.64000000000000e+00 0.00000000000000e+00 0.00000000000000e+00
5.65000000000000e+00 0.00000000000000e+00 0.00000000000000e+00
5.66000000000000e+00 0.00000000000000e+00 0.00000000000000e+00
5.67000000000000e+00 0.00000000000000e+00 0.00000000000000e+00
5.68000000000000e+00 0.00000000000000e+00 0.00000000000000e+00
5.69000000000000e+00 0.00000000000000e+00 0.00000000000000e+00
5.70000000000000e+00 0.00000000000000e+00 0.00000000000000e+00
5.71000000000000e+00 0.00000000000000e+00 0.00000000000000e+00
5.72000000000000e+00 0.00000000000000e+00 0.00000000000000e+00
5.73000000000000e+00 0.00000000000000e+00 0.00000000000000e+00
5.74000000000000e+00 0.00000000000000e+00 0.00000000000000e+00
5.75000000000000e+00 0.00000000000000e+00 0.00000000000000e+00
5.76000000000000e+00 0.00000000000000e+00 0.00000000000000e+00
5.77000000000000e+00 0.00000000000000e+00 0.00000000000000e+00
5.78000000000000e+00 0.00000000000000e+00 0.00000000000000e+00
5.79000000000000e+00 0.00000000000000e+00 0.00000000000000e+00
5.80000000000000e+00 0.00000000000000e+00 0.00000000000000e+00
5.81000000000000e+00 0.00000000000000e+00 0.00000000000000e+00
5.82000000000000e+00 0.00000000000000e+00 0.00000000000000e+00
5.83000000000000e+00 0.00000000000000e+00 0.00000000000000e+00
5.84000000000000e+00 0.00000000000000e+00 0.00000000000000e+00
5.85000000000000e+00 0.00000000000000e+00 0.00000000000000e+00
5.86000000000000e+00 0.00000000000000e+00 0.00000000000000e+00
5.87000000000000e+00 0.00000000000000e+00 0.00000000000000e+00
5.88000000000000e+00 0.00000000000000e+00 0.00000000000000e+00
5.89000000000000e+00 0.00000000000000e+00 0.00000000000000e+00
5.90000000000000e+00 0.00000000000000e+00 0.00000000000000e+00
5.91000000000000e+00 0.00000000000000e+00 0.00000000000000e+00
5.92000000000000e+00 0.00000000000000e+00 0.00000000000000e+00
5.93000000000000e+00 0.00000000000000e+00 0.00000000000000e+00
5.94000000000000e+00 0.00000000000000e+00 0.00000000000000e+00
5.95000000000000e+00 0.00000000000000e+00 0.00000000000000e+00
5.96000000000000e+00 0.00000000000000e+00 0.00000000000000e+00
5.97000000000000e+00 0.00000000000000e+00 0.00000000000000e+00
5.98000000000000e+00 0.00000000000000e+00 0.00000000000000e+00
5.99000000000000e+00 0.00000000000000e+00 0.00000000000000e+00
