0.00000000000000e+00  0.000000000000000000  0.000000000000000000
1.00000000000000e-02 -2.82218150620000e+00 -2.26174932750000e+00
2.00000000000000e-02 -2.82227470710000e+00 -2.26084574295000e+00
3.00000000000000e-02 -2.82242660560000e+00 -2.25933565863333e+00
4.00000000000000e-02 -2.82263206050000e+00 -2.25721293305000e+00
5.00000000000000e-02 -2.82288390020000e+00 -2.25446901620000e+00
6.00000000000000e-02 -2.82317294966667e+00 -2.25109299633333e+00
7.00000000000000e-02 -2.82348806342857e+00 -2.24707166200000e+00
8.00000000000000e-02 -2.82381616675000e+00 -2.24238957475000e+00
9.00000000000000e-02 -2.82414230355556e+00 -2.23702915644444e+00
1.00000000000000e-01 -2.82444969150000e+00 -2.23097078870000e+00
1.10000000000000e-01 -2.82471978372727e+00 -2.22419292390909e+00
1.20000000000000e-01 -2.82493233725000e+00 -2.21667220858333e+00
1.30000000000000e-01 -2.82506548761538e+00 -2.20838361800000e+00
1.40000000000000e-01 -2.82509582978571e+00 -2.19930060135714e+00
1.50000000000000e-01 -2.82499850500000e+00 -2.18939523740000e+00
1.60000000000000e-01 -2.82474729293750e+00 -2.17863839993750e+00
1.70000000000000e-01 -2.82431470947059e+00 -2.16699993235294e+00
1.80000000000000e-01 -2.82367210916667e+00 -2.15444883038889e+00
1.90000000000000e-01 -2.82278979242105e+00 -2.14095343321053e+00
2.00000000000000e-01 -2.82163711710000e+00 -2.12648162105000e+00
2.10000000000000e-01 -2.82018261400000e+00 -2.11100101961905e+00
2.20000000000000e-01 -2.81839410568182e+00 -2.09447920954545e+00
2.30000000000000e-01 -2.81623882865217e+00 -2.07688394117391e+00
2.40000000000000e-01 -2.81368355833333e+00 -2.05818335266667e+00
2.50000000000000e-01 -2.81069473620000e+00 -2.03834619152000e+00
2.60000000000000e-01 -2.80723859903846e+00 -2.01734203796154e+00
2.70000000000000e-01 -2.80328130951852e+00 -1.99514152992593e+00
2.80000000000000e-01 -2.79878908807143e+00 -1.97171658760714e+00
2.90000000000000e-01 -2.79372834503448e+00 -1.94704063810345e+00
3.00000000000000e-01 -2.78806581346667e+00 -1.92108883830000e+00
3.10000000000000e-01 -2.78176868138710e+00 -1.89383829516129e+00
3.20000000000000e-01 -2.77480472331250e+00 -1.86526828184375e+00
3.30000000000000e-01 -2.76714243000000e+00 -1.83536044800000e+00
3.40000000000000e-01 -2.75875114035294e+00 -1.80409903479412e+00
3.50000000000000e-01 -2.74960116202857e+00 -1.77147105780000e+00
3.60000000000000e-01 -2.73966390477778e+00 -1.73746652372222e+00
3.70000000000000e-01 -2.72891199351351e+00 -1.70207859245946e+00
3.80000000000000e-01 -2.71731939026316e+00 -1.66530376078947e+00
3.90000000000000e-01 -2.70486151102564e+00 -1.62714203479487e+00
4.00000000000000e-01 -2.69151533200000e+00 -1.58759707180000e+00
4.10000000000000e-01 -2.67725949731707e+00 -1.54667632624390e+00
4.20000000000000e-01 -2.66207442000000e+00 -1.50439117861905e+00
4.30000000000000e-01 -2.64594237813954e+00 -1.46075705072093e+00
4.40000000000000e-01 -2.62884760454545e+00 -1.41579350618182e+00
4.50000000000000e-01 -2.61077637200000e+00 -1.36952433615556e+00
4.60000000000000e-01 -2.59171707108696e+00 -1.32197762873913e+00
4.70000000000000e-01 -2.57166028148936e+00 -1.27318582202128e+00
4.80000000000000e-01 -2.55059883312500e+00 -1.22318573154167e+00
4.90000000000000e-01 -2.52852786591837e+00 -1.17201857444898e+00
5.00000000000000e-01 -2.50544489440000e+00 -1.11972999412000e+00
5.10000000000000e-01 -2.48134983196078e+00 -1.06637000588235e+00
5.20000000000000e-01 -2.45624500865385e+00 -1.01199293217308e+00
5.30000000000000e-01 -2.43013526622642e+00 -9.56657461679245e-01
5.40000000000000e-01 -2.40302789740741e+00 -9.00426434629630e-01
5.50000000000000e-01 -2.37493270436364e+00 -8.43366830018182e-01
5.60000000000000e-01 -2.34586199910714e+00 -7.85549640857143e-01
5.70000000000000e-01 -2.31583056719298e+00 -7.27049693719298e-01
5.80000000000000e-01 -2.28485570379310e+00 -6.67945567103448e-01
5.90000000000000e-01 -2.25295714237288e+00 -6.08319346186441e-01
6.00000000000000e-01 -2.22015705133333e+00 -5.48256466666667e-01
6.10000000000000e-01 -2.18648001704918e+00 -4.87845528819672e-01
6.20000000000000e-01 -2.15195290129032e+00 -4.27177951306452e-01
6.30000000000000e-01 -2.11660494555556e+00 -3.66347908825397e-01
6.40000000000000e-01 -2.08046756984375e+00 -3.05451905156250e-01
6.50000000000000e-01 -2.04357432169231e+00 -2.44588525923077e-01
6.60000000000000e-01 -2.00596089787879e+00 -1.83858224424242e-01
6.70000000000000e-01 -1.96766495104478e+00 -1.23362910925373e-01
6.80000000000000e-01 -1.92872601720588e+00 -6.32056553514706e-02
6.90000000000000e-01 -1.88918544768116e+00 -3.49036487463768e-03
7.00000000000000e-01 -1.84908630714286e+00 5.56785790514286e-02
7.10000000000000e-01 -1.80847322267606e+00 1.14196693533803e-01
7.20000000000000e-01 -1.76739228236111e+00 1.71959758166667e-01
7.30000000000000e-01 -1.72589090561644e+00 2.28864187205479e-01
7.40000000000000e-01 -1.68401772486486e+00 2.84807421391892e-01
7.50000000000000e-01 -1.64182245826667e+00 3.39688347493333e-01
7.60000000000000e-01 -1.59935574618421e+00 3.93407662184211e-01
7.70000000000000e-01 -1.55666901857143e+00 4.45868279740260e-01
7.80000000000000e-01 -1.51381434858974e+00 4.96975730833333e-01
7.90000000000000e-01 -1.47084430253165e+00 5.46638559949367e-01
8.00000000000000e-01 -1.42781178700000e+00 5.94768719962500e-01
8.10000000000000e-01 -1.38476989395062e+00 6.41281961666667e-01
8.20000000000000e-01 -1.34177174487805e+00 6.86098216560976e-01
8.30000000000000e-01 -1.29887033240964e+00 7.29141970975904e-01
8.40000000000000e-01 -1.25611836261905e+00 7.70342629619048e-01
8.50000000000000e-01 -1.21356809694118e+00 8.09634866552941e-01
8.60000000000000e-01 -1.17127119465116e+00 8.46958961755814e-01
8.70000000000000e-01 -1.12927855634483e+00 8.82261121344828e-01
8.80000000000000e-01 -1.08764016901136e+00 9.15493779352273e-01
8.90000000000000e-01 -1.04640495396629e+00 9.46615879258427e-01
9.00000000000000e-01 -1.00562061694444e+00 9.75593133044445e-01
9.10000000000000e-01 -9.65333501901099e-01 1.00239825593407e+00
9.20000000000000e-01 -9.25588448847826e-01 1.02701117463043e+00
9.30000000000000e-01 -8.86428656365591e-01 1.04941920700000e+00
9.40000000000000e-01 -8.47895549308511e-01 1.06961721117021e+00
9.50000000000000e-01 -8.10028652663158e-01 1.08760770178947e+00
9.60000000000000e-01 -7.72865471895833e-01 1.10340093177083e+00
9.70000000000000e-01 -7.36441459886598e-01 1.11701467659794e+00
9.80000000000000e-01 -7.00789700000000e-01 1.12847497540816e+00
9.90000000000000e-01 -6.65940969373737e-01 1.13781551262626e+00
1.00000000000000e+00 -6.31923626880000e-01 1.14507764140000e+00
1.01000000000000e+00 -5.98763522643564e-01 1.15031030841584e+00
1.02000000000000e+00 -5.66483929323529e-01 1.15356989343137e+00
1.03000000000000e+00 -5.35105569572816e-01 1.15491979689320e+00
1.04000000000000e+00 -5.04646422153846e-01 1.15443060336538e+00
1.05000000000000e+00 -4.75121573228571e-01 1.15217997409524e+00
1.06000000000000e+00 -4.46543444254717e-01 1.14825167481132e+00
1.07000000000000e+00 -4.18921683616822e-01 1.14273543140187e+00
1.08000000000000e+00 -3.92263304546296e-01 1.13572626842593e+00
1.09000000000000e+00 -3.66572407422018e-01 1.12732460376147e+00
1.10000000000000e+00 -3.41850133554545e-01 1.11763563536364e+00
1.11000000000000e+00 -3.18095042873874e-01 1.10676819351351e+00
1.12000000000000e+00 -2.95303114160714e-01 1.09483430017857e+00
1.13000000000000e+00 -2.73467791212389e-01 1.08194869070796e+00
1.14000000000000e+00 -2.52579457842105e-01 1.06822825973684e+00
1.15000000000000e+00 -2.32626298921739e-01 1.05379061052174e+00
1.16000000000000e+00 -2.13594314379310e-01 1.03875365206897e+00
1.17000000000000e+00 -1.95467087965812e-01 1.02323488358974e+00
1.18000000000000e+00 -1.78225760966102e-01 1.00734966872881e+00
1.19000000000000e+00 -1.61849732714286e-01 9.91210688571429e-01
1.20000000000000e+00 -1.46316860433333e-01 9.74928219083333e-01
1.21000000000000e+00 -1.31602632297521e-01 9.58605915702479e-01
1.22000000000000e+00 -1.17681358237705e-01 9.42341646147541e-01
1.23000000000000e+00 -1.04526245731707e-01 9.26227955528455e-01
1.24000000000000e+00 -9.21090415564516e-02 9.10347281774193e-01
1.25000000000000e+00 -8.04006952800000e-02 8.94771116800000e-01
1.26000000000000e+00 -6.93716633333333e-02 8.79563170238095e-01
1.27000000000000e+00 -5.89917910070866e-02 8.64772940944882e-01
1.28000000000000e+00 -4.92309253539062e-02 8.50433471328125e-01
1.29000000000000e+00 -4.00589015403101e-02 8.36566595348837e-01
1.30000000000000e+00 -3.14454759676923e-02 8.23161768615385e-01
1.31000000000000e+00 -2.33614965427481e-02 8.10177113664122e-01
1.32000000000000e+00 -1.57781967553030e-02 7.97556302878788e-01
1.33000000000000e+00 -8.66961450827068e-03 7.85212241428571e-01
1.34000000000000e+00 -2.01198031313433e-03 7.73054832089552e-01
1.35000000000000e+00 4.21728363474074e-03 7.60985616370370e-01
1.36000000000000e+00 1.00362221926471e-02 7.48909611323529e-01
1.37000000000000e+00 1.54622076854015e-02 7.36737078832117e-01
1.38000000000000e+00 2.05099946485507e-02 7.24386477369565e-01
1.39000000000000e+00 2.51922343510791e-02 7.11795980273381e-01
1.40000000000000e+00 2.95211464692857e-02 6.98905741821429e-01
1.41000000000000e+00 3.35068660588652e-02 6.85684429191489e-01
1.42000000000000e+00 3.71595609647887e-02 6.72105740795775e-01
1.43000000000000e+00 4.04886599132867e-02 6.58158360566434e-01
1.44000000000000e+00 4.35035298305556e-02 6.43847684888889e-01
1.45000000000000e+00 4.62134178758621e-02 6.29179702613793e-01
1.46000000000000e+00 4.86278592808219e-02 6.14180365363014e-01
1.47000000000000e+00 5.07564374931973e-02 5.98873535387755e-01
1.48000000000000e+00 5.26091053493243e-02 5.83293252695946e-01
1.49000000000000e+00 5.41960792067114e-02 5.67475240275168e-01
1.50000000000000e+00 5.55277482813333e-02 5.51458196306667e-01
1.51000000000000e+00 5.66149445192053e-02 5.35282510980132e-01
1.52000000000000e+00 5.74684487092105e-02 5.18989006032895e-01
1.53000000000000e+00 5.80994873862745e-02 5.02617941104575e-01
1.54000000000000e+00 5.85191875506493e-02 4.86209709175325e-01
1.55000000000000e+00 5.87388907258065e-02 4.69802307619355e-01
1.56000000000000e+00 5.87698820134615e-02 4.53433343698718e-01
1.57000000000000e+00 5.86234764394904e-02 4.37137833375796e-01
1.58000000000000e+00 5.83108824575949e-02 4.20949199037975e-01
1.59000000000000e+00 5.78432711113207e-02 4.04899066616352e-01
1.60000000000000e+00 5.72315716825000e-02 3.89016141081250e-01
1.61000000000000e+00 5.64867045875776e-02 3.73328450000000e-01
1.62000000000000e+00 5.56191635086420e-02 3.57859978858025e-01
1.63000000000000e+00 5.46395214000000e-02 3.42635088926380e-01
1.64000000000000e+00 5.35577242810976e-02 3.27673328853659e-01
1.65000000000000e+00 5.23839105193939e-02 3.12995427987879e-01
1.66000000000000e+00 5.11274041355422e-02 2.98616907855422e-01
1.67000000000000e+00 4.97978313700599e-02 2.84554972197605e-01
1.68000000000000e+00 4.84038502785714e-02 2.70821561886905e-01
1.69000000000000e+00 4.69545063242604e-02 2.57430507532544e-01
1.70000000000000e+00 4.54577717923529e-02 2.44390606958824e-01
1.71000000000000e+00 4.39220503409357e-02 2.31712495461988e-01
1.72000000000000e+00 4.23546282598837e-02 2.19402236860465e-01
1.73000000000000e+00 4.07632124404624e-02 2.07467459491329e-01
1.74000000000000e+00 3.91544192655172e-02 1.95911867068966e-01
1.75000000000000e+00 3.75352086205714e-02 1.84740271148571e-01
1.76000000000000e+00 3.59115567903409e-02 1.73954352892045e-01
1.77000000000000e+00 3.42896305463277e-02 1.63556296282486e-01
1.78000000000000e+00 3.26748069556180e-02 1.53546060657303e-01
1.79000000000000e+00 3.10724183703911e-02 1.43923393044693e-01
1.80000000000000e+00 2.94872911588889e-02 1.34686792916667e-01
1.81000000000000e+00 2.79238891602210e-02 1.25833768834254e-01
1.82000000000000e+00 2.63865394274725e-02 1.17361579615385e-01
1.83000000000000e+00 2.48788147890710e-02 1.09265710901639e-01
1.84000000000000e+00 2.34045907983696e-02 1.01542351750000e-01
1.85000000000000e+00 2.19665447427027e-02 9.41852073351351e-02
1.86000000000000e+00 2.05681368897849e-02 8.71895142258065e-02
1.87000000000000e+00 1.92112765112299e-02 8.05476472352941e-02
1.88000000000000e+00 1.78987055930851e-02 7.42534328723404e-02
1.89000000000000e+00 1.66319543185185e-02 6.82987237354497e-02
1.90000000000000e+00 1.54128822010526e-02 6.26758476789474e-02
1.91000000000000e+00 1.42427635005236e-02 5.73763279319372e-02
1.92000000000000e+00 1.31225652625000e-02 5.23912209270833e-02
1.93000000000000e+00 1.20533547937824e-02 4.77117530207254e-02
1.94000000000000e+00 1.10352604304124e-02 4.33280315855670e-02
1.95000000000000e+00 1.00691323400000e-02 3.92309301974359e-02
1.96000000000000e+00 9.15451340561224e-03 3.54100778265306e-02
1.97000000000000e+00 8.29158457664975e-03 3.18556375416244e-02
1.98000000000000e+00 7.47982549090909e-03 2.85572969616162e-02
1.99000000000000e+00 6.71863885025126e-03 2.55046527130653e-02
2.00000000000000e+00 6.00746562300000e-03 2.26873632090000e-02
2.01000000000000e+00 5.34506311940299e-03 2.00948450935323e-02
2.02000000000000e+00 4.73070960272277e-03 1.77165854188119e-02
2.03000000000000e+00 4.16284788709360e-03 1.55421286162562e-02
2.04000000000000e+00 3.64023835995098e-03 1.35609156254902e-02
2.05000000000000e+00 3.16138793926829e-03 1.17625736039024e-02
2.06000000000000e+00 2.72454383106796e-03 1.01368901674757e-02
2.07000000000000e+00 2.32821695318841e-03 8.67334854106280e-03
2.08000000000000e+00 1.97039220067308e-03 7.36229759759615e-03
2.09000000000000e+00 1.64930258444976e-03 6.19352126507177e-03
2.10000000000000e+00 1.36300028142857e-03 5.15746176619048e-03
2.11000000000000e+00 1.10945407099526e-03 4.24482519682464e-03
2.12000000000000e+00 8.86721343490566e-04 3.44576670952830e-03
2.13000000000000e+00 6.92711233568075e-04 2.75200230267606e-03
2.14000000000000e+00 5.25373535000000e-04 2.15429304098131e-03
2.15000000000000e+00 3.82677252590698e-04 1.64433440325581e-03
2.16000000000000e+00 2.62603573611111e-04 1.21441441398148e-03
2.17000000000000e+00 1.63043576032258e-04 8.55669657050691e-04
2.18000000000000e+00 8.21412816055046e-05 5.61695317614679e-04
2.19000000000000e+00 1.78883466863014e-05 3.24864450876712e-04
2.20000000000000e+00 -3.16199542600000e-05 1.38176134350000e-04
2.21000000000000e+00 -6.80664539728507e-05 -4.02948067597285e-06
2.22000000000000e+00 -9.34148363603603e-05 -1.08856563522523e-04
2.23000000000000e+00 -1.09150676542601e-04 -1.81185462704036e-04
2.24000000000000e+00 -1.16825459339286e-04 -2.26172427919643e-04
2.25000000000000e+00 -1.18179523133333e-04 -2.49753693533333e-04
2.26000000000000e+00 -1.14252969986726e-04 -2.55120387061947e-04
2.27000000000000e+00 -1.06504132550661e-04 -2.47028831515418e-04
2.28000000000000e+00 -9.61251661710526e-05 -2.29310244390351e-04
2.29000000000000e+00 -8.38834779956332e-05 -2.04319620877729e-04
2.30000000000000e+00 -7.10493249347826e-05 -1.76073245630435e-04
2.31000000000000e+00 -5.81669362380952e-05 -1.46275181242424e-04
2.32000000000000e+00 -4.57373115431034e-05 -1.16491814500000e-04
2.33000000000000e+00 -3.47917043175966e-05 -8.98984933390558e-05
2.34000000000000e+00 -2.51919697444444e-05 -6.61735132264957e-05
2.35000000000000e+00 -1.72654974165957e-05 -4.63754572680851e-05
2.36000000000000e+00 -1.14672594360169e-05 -3.19300550305085e-05
2.37000000000000e+00 -7.28480813333333e-06 -2.14912603265823e-05
2.38000000000000e+00 -4.77354051092437e-06 -1.54195079823529e-05
2.39000000000000e+00 -3.77352400376569e-06 -1.33704906661088e-05
2.40000000000000e+00 -3.42813245833333e-06 -1.27197249058333e-05
2.41000000000000e+00 -2.69626375369295e-06 -1.02051356672199e-05
2.42000000000000e+00 -1.44716705888430e-06 -5.60534715619835e-06
2.43000000000000e+00 -3.35360994843621e-07 -1.32189217884774e-06
2.44000000000000e+00 1.72685964020492e-07 6.43757641434426e-07
2.45000000000000e+00 2.02669718346939e-07 7.55534363306122e-07
2.46000000000000e+00 5.56094298699187e-08 2.07306920495935e-07
2.47000000000000e+00 0.00000000000000e+00 0.00000000000000e+00
2.48000000000000e+00 0.00000000000000e+00 0.00000000000000e+00
2.49000000000000e+00 0.00000000000000e+00 0.00000000000000e+00
2.50000000000000e+00 0.00000000000000e+00 0.00000000000000e+00
2.51000000000000e+00 0.00000000000000e+00 0.00000000000000e+00
2.52000000000000e+00 0.00000000000000e+00 0.00000000000000e+00
2.53000000000000e+00 0.00000000000000e+00 0.00000000000000e+00
2.54000000000000e+00 0.00000000000000e+00 0.00000000000000e+00
2.55000000000000e+00 0.00000000000000e+00 0.00000000000000e+00
2.56000000000000e+00 0.00000000000000e+00 0.00000000000000e+00
2.57000000000000e+00 0.00000000000000e+00 0.00000000000000e+00
2.58000000000000e+00 0.00000000000000e+00 0.00000000000000e+00
2.59000000000000e+00 0.00000000000000e+00 0.00000000000000e+00
2.60000000000000e+00 0.00000000000000e+00 0.00000000000000e+00
2.61000000000000e+00 0.00000000000000e+00 0.00000000000000e+00
2.62000000000000e+00 0.00000000000000e+00 0.00000000000000e+00
2.63000000000000e+00 0.00000000000000e+00 0.00000000000000e+00
2.64000000000000e+00 0.00000000000000e+00 0.00000000000000e+00
2.65000000000000e+00 0.00000000000000e+00 0.00000000000000e+00
2.66000000000000e+00 0.00000000000000e+00 0.00000000000000e+00
2.67000000000000e+00 0.00000000000000e+00 0.00000000000000e+00
2.68000000000000e+00 0.00000000000000e+00 0.00000000000000e+00
2.69000000000000e+00 0.00000000000000e+00 0.00000000000000e+00
2.70000000000000e+00 0.00000000000000e+00 0.00000000000000e+00
2.71000000000000e+00 0.00000000000000e+00 0.00000000000000e+00
2.72000000000000e+00 0.00000000000000e+00 0.00000000000000e+00
2.73000000000000e+00 0.00000000000000e+00 0.00000000000000e+00
2.74000000000000e+00 0.00000000000000e+00 0.00000000000000e+00
2.75000000000000e+00 0.00000000000000e+00 0.00000000000000e+00
2.76000000000000e+00 0.00000000000000e+00 0.00000000000000e+00
2.77000000000000e+00 0.00000000000000e+00 0.00000000000000e+00
2.78000000000000e+00 0.00000000000000e+00 0.00000000000000e+00
2.79000000000000e+00 0.00000000000000e+00 0.00000000000000e+00
2.80000000000000e+00 0.00000000000000e+00 0.00000000000000e+00
2.81000000000000e+00 0.00000000000000e+00 0.00000000000000e+00
2.82000000000000e+00 0.00000000000000e+00 0.00000000000000e+00
2.83000000000000e+00 0.00000000000000e+00 0.00000000000000e+00
2.84000000000000e+00 0.00000000000000e+00 0.00000000000000e+00
2.85000000000000e+00 0.00000000000000e+00 0.00000000000000e+00
2.86000000000000e+00 0.00000000000000e+00 0.00000000000000e+00
2.87000000000000e+00 0.00000000000000e+00 0.00000000000000e+00
2.88000000000000e+00 0.00000000000000e+00 0.00000000000000e+00
2.89000000000000e+00 0.00000000000000e+00 0.00000000000000e+00
2.90000000000000e+00 0.00000000000000e+00 0.00000000000000e+00
2.91000000000000e+00 0.00000000000000e+00 0.00000000000000e+00
2.92000000000000e+00 0.00000000000000e+00 0.00000000000000e+00
2.93000000000000e+00 0.00000000000000e+00 0.00000000000000e+00
2.94000000000000e+00 0.00000000000000e+00 0.00000000000000e+00
2.95000000000000e+00 0.00000000000000e+00 0.00000000000000e+00
2.96000000000000e+00 0.00000000000000e+00 0.00000000000000e+00
2.97000000000000e+00 0.00000000000000e+00 0.00000000000000e+00
2.98000000000000e+00 0.00000000000000e+00 0.00000000000000e+00
2.99000000000000e+00 0.00000000000000e+00 0.00000000000000e+00
3.00000000000000e+00 0.00000000000000e+00 0.00000000000000e+00
3.01000000000000e+00 0.00000000000000e+00 0.00000000000000e+00
3.02000000000000e+00 0.00000000000000e+00 0.00000000000000e+00
3.03000000000000e+00 0.00000000000000e+00 0.00000000000000e+00
3.04000000000000e+00 0.00000000000000e+00 0.00000000000000e+00
3.05000000000000e+00 0.00000000000000e+00 0.00000000000000e+00
3.06000000000000e+00 0.00000000000000e+00 0.00000000000000e+00
3.07000000000000e+00 0.00000000000000e+00 0.00000000000000e+00
3.08000000000000e+00 0.00000000000000e+00 0.00000000000000e+00
3.09000000000000e+00 0.00000000000000e+00 0.00000000000000e+00
3.10000000000000e+00 0.00000000000000e+00 0.00000000000000e+00
3.11000000000000e+00 0.00000000000000e+00 0.00000000000000e+00
3.12000000000000e+00 0.00000000000000e+00 0.00000000000000e+00
3.13000000000000e+00 0.00000000000000e+00 0.00000000000000e+00
3.14000000000000e+00 0.00000000000000e+00 0.00000000000000e+00
3.15000000000000e+00 0.00000000000000e+00 0.00000000000000e+00
3.16000000000000e+00 0.00000000000000e+00 0.00000000000000e+00
3.17000000000000e+00 0.00000000000000e+00 0.00000000000000e+00
3.18000000000000e+00 0.00000000000000e+00 0.00000000000000e+00
3.19000000000000e+00 0.00000000000000e+00 0.00000000000000e+00
3.20000000000000e+00 0.00000000000000e+00 0.00000000000000e+00
3.21000000000000e+00 0.00000000000000e+00 0.00000000000000e+00
3.22000000000000e+00 0.00000000000000e+00 0.00000000000000e+00
3.23000000000000e+00 0.00000000000000e+00 0.00000000000000e+00
3.24000000000000e+00 0.00000000000000e+00 0.00000000000000e+00
3.25000000000000e+00 0.00000000000000e+00 0.00000000000000e+00
3.26000000000000e+00 0.00000000000000e+00 0.00000000000000e+00
3.27000000000000e+00 0.00000000000000e+00 0.00000000000000e+00
3.28000000000000e+00 0.00000000000000e+00 0.00000000000000e+00
3.29000000000000e+00 0.00000000000000e+00 0.00000000000000e+00
3.30000000000000e+00 0.00000000000000e+00 0.00000000000000e+00
3.31000000000000e+00 0.00000000000000e+00 0.00000000000000e+00
3.32000000000000e+00 0.00000000000000e+00 0.00000000000000e+00
3.33000000000000e+00 0.00000000000000e+00 0.00000000000000e+00
3.34000000000000e+00 0.00000000000000e+00 0.00000000000000e+00
3.35000000000000e+00 0.00000000000000e+00 0.00000000000000e+00
3.36000000000000e+00 0.00000000000000e+00 0.00000000000000e+00
3.37000000000000e+00 0.00000000000000e+00 0.00000000000000e+00
3.38000000000000e+00 0.00000000000000e+00 0.00000000000000e+00
3.39000000000000e+00 0.00000000000000e+00 0.00000000000000e+00
3.40000000000000e+00 0.00000000000000e+00 0.00000000000000e+00
3.41000000000000e+00 0.00000000000000e+00 0.00000000000000e+00
3.42000000000000e+00 0.00000000000000e+00 0.00000000000000e+00
3.43000000000000e+00 0.00000000000000e+00 0.00000000000000e+00
3.44000000000000e+00 0.00000000000000e+00 0.00000000000000e+00
3.45000000000000e+00 0.00000000000000e+00 0.00000000000000e+00
3.46000000000000e+00 0.00000000000000e+00 0.00000000000000e+00
3.47000000000000e+00 0.00000000000000e+00 0.00000000000000e+00
3.48000000000000e+00 0.00000000000000e+00 0.00000000000000e+00
3.49000000000000e+00 0.00000000000000e+00 0.00000000000000e+00
3.50000000000000e+00 0.00000000000000e+00 0.00000000000000e+00
3.51000000000000e+00 0.00000000000000e+00 0.00000000000000e+00
3.52000000000000e+00 0.00000000000000e+00 0.00000000000000e+00
3.53000000000000e+00 0.00000000000000e+00 0.00000000000000e+00
3.54000000000000e+00 0.00000000000000e+00 0.00000000000000e+00
3.55000000000000e+00 0.00000000000000e+00 0.00000000000000e+00
3.56000000000000e+00 0.00000000000000e+00 0.00000000000000e+00
3.57000000000000e+00 0.00000000000000e+00 0.00000000000000e+00
3.58000000000000e+00 0.00000000000000e+00 0.00000000000000e+00
3.59000000000000e+00 0.00000000000000e+00 0.00000000000000e+00
3.60000000000000e+00 0.00000000000000e+00 0.00000000000000e+00
3.61000000000000e+00 0.00000000000000e+00 0.00000000000000e+00
3.62000000000000e+00 0.00000000000000e+00 0.00000000000000e+00
3.63000000000000e+00 0.00000000000000e+00 0.00000000000000e+00
3.64000000000000e+00 0.00000000000000e+00 0.00000000000000e+00
3.65000000000000e+00 0.00000000000000e+00 0.00000000000000e+00
3.66000000000000e+00 0.00000000000000e+00 0.00000000000000e+00
3.67000000000000e+00 0.00000000000000e+00 0.00000000000000e+00
3.68000000000000e+00 0.00000000000000e+00 0.00000000000000e+00
3.69000000000000e+00 0.00000000000000e+00 0.00000000000000e+00
3.70000000000000e+00 0.00000000000000e+00 0.00000000000000e+00
3.71000000000000e+00 0.00000000000000e+00 0.00000000000000e+00
3.72000000000000e+00 0.00000000000000e+00 0.00000000000000e+00
3.73000000000000e+00 0.00000000000000e+00 0.00000000000000e+00
3.74000000000000e+00 0.00000000000000e+00 0.00000000000000e+00
3.75000000000000e+00 0.00000000000000e+00 0.00000000000000e+00
3.76000000000000e+00 0.00000000000000e+00 0.00000000000000e+00
3.77000000000000e+00 0.00000000000000e+00 0.00000000000000e+00
3.78000000000000e+00 0.00000000000000e+00 0.00000000000000e+00
3.79000000000000e+00 0.00000000000000e+00 0.00000000000000e+00
3.80000000000000e+00 0.00000000000000e+00 0.00000000000000e+00
3.81000000000000e+00 0.00000000000000e+00 0.00000000000000e+00
3.82000000000000e+00 0.00000000000000e+00 0.00000000000000e+00
3.83000000000000e+00 0.00000000000000e+00 0.00000000000000e+00
3.84000000000000e+00 0.00000000000000e+00 0.00000000000000e+00
3.85000000000000e+00 0.00000000000000e+00 0.00000000000000e+00
3.86000000000000e+00 0.00000000000000e+00 0.00000000000000e+00
3.87000000000000e+00 0.00000000000000e+00 0.00000000000000e+00
3.88000000000000e+00 0.00000000000000e+00 0.00000000000000e+00
3.89000000000000e+00 0.00000000000000e+00 0.00000000000000e+00
3.90000000000000e+00 0.00000000000000e+00 0.00000000000000e+00
3.91000000000000e+00 0.00000000000000e+00 0.00000000000000e+00
3.92000000000000e+00 0.00000000000000e+00 0.00000000000000e+00
3.93000000000000e+00 0.00000000000000e+00 0.00000000000000e+00
3.94000000000000e+00 0.00000000000000e+00 0.00000000000000e+00
3.95000000000000e+00 0.00000000000000e+00 0.00000000000000e+00
3.96000000000000e+00 0.00000000000000e+00 0.00000000000000e+00
3.97000000000000e+00 0.00000000000000e+00 0.00000000000000e+00
3.98000000000000e+00 0.00000000000000e+00 0.00000000000000e+00
3.99000000000000e+00 0.00000000000000e+00 0.00000000000000e+00
4.00000000000000e+00 0.00000000000000e+00 0.00000000000000e+00
4.01000000000000e+00 0.00000000000000e+00 0.00000000000000e+00
4.02000000000000e+00 0.00000000000000e+00 0.00000000000000e+00
4.03000000000000e+00 0.00000000000000e+00 0.00000000000000e+00
4.04000000000000e+00 0.00000000000000e+00 0.00000000000000e+00
4.05000000000000e+00 0.00000000000000e+00 0.00000000000000e+00
4.06000000000000e+00 0.00000000000000e+00 0.00000000000000e+00
4.07000000000000e+00 0.00000000000000e+00 0.00000000000000e+00
4.08000000000000e+00 0.00000000000000e+00 0.00000000000000e+00
4.09000000000000e+00 0.00000000000000e+00 0.00000000000000e+00
4.10000000000000e+00 0.00000000000000e+00 0.00000000000000e+00
4.11000000000000e+00 0.00000000000000e+00 0.00000000000000e+00
4.12000000000000e+00 0.00000000000000e+00 0.00000000000000e+00
4.13000000000000e+00 0.00000000000000e+00 0.00000000000000e+00
4.14000000000000e+00 0.00000000000000e+00 0.00000000000000e+00
4.15000000000000e+00 0.00000000000000e+00 0.00000000000000e+00
4.16000000000000e+00 0.00000000000000e+00 0.00000000000000e+00
4.17000000000000e+00 0.00000000000000e+00 0.00000000000000e+00
4.18000000000000e+00 0.00000000000000e+00 0.00000000000000e+00
4.19000000000000e+00 0.00000000000000e+00 0.00000000000000e+00
4.20000000000000e+00 0.00000000000000e+00 0.00000000000000e+00
4.21000000000000e+00 0.00000000000000e+00 0.00000000000000e+00
4.22000000000000e+00 0.00000000000000e+00 0.00000000000000e+00
4.23000000000000e+00 0.00000000000000e+00 0.00000000000000e+00
4.24000000000000e+00 0.00000000000000e+00 0.00000000000000e+00
4.25000000000000e+00 0.00000000000000e+00 0.00000000000000e+00
4.26000000000000e+00 0.00000000000000e+00 0.00000000000000e+00
4.27000000000000e+00 0.00000000000000e+00 0.00000000000000e+00
4.28000000000000e+00 0.00000000000000e+00 0.00000000000000e+00
4.29000000000000e+00 0.00000000000000e+00 0.00000000000000e+00
4.30000000000000e+00 0.00000000000000e+00 0.00000000000000e+00
4.31000000000000e+00 0.00000000000000e+00 0.00000000000000e+00
4.32000000000000e+00 0.00000000000000e+00 0.00000000000000e+00
4.33000000000000e+00 0.00000000000000e+00 0.00000000000000e+00
4.34000000000000e+00 0.00000000000000e+00 0.00000000000000e+00
4.35000000000000e+00 0.00000000000000e+00 0.00000000000000e+00
4.36000000000000e+00 0.00000000000000e+00 0.00000000000000e+00
4.37000000000000e+00 0.00000000000000e+00 0.00000000000000e+00
4.38000000000000e+00 0.00000000000000e+00 0.00000000000000e+00
4.39000000000000e+00 0.00000000000000e+00 0.00000000000000e+00
4.40000000000000e+00 0.00000000000000e+00 0.00000000000000e+00
4.41000000000000e+00 0.00000000000000e+00 0.00000000000000e+00
4.42000000000000e+00 0.00000000000000e+00 0.00000000000000e+00
4.43000000000000e+00 0.00000000000000e+00 0.00000000000000e+00
4.44000000000000e+00 0.00000000000000e+00 0.00000000000000e+00
4.45000000000000e+00 0.00000000000000e+00 0.00000000000000e+00
4.46000000000000e+00 0.00000000000000e+00 0.00000000000000e+00
4.47000000000000e+00 0.00000000000000e+00 0.00000000000000e+00
4.48000000000000e+00 0.00000000000000e+00 0.00000000000000e+00
4.49000000000000e+00 0.00000000000000e+00 0.00000000000000e+00
4.50000000000000e+00 0.00000000000000e+00 0.00000000000000e+00
4.51000000000000e+00 0.00000000000000e+00 0.00000000000000e+00
4.52000000000000e+00 0.00000000000000e+00 0.00000000000000e+00
4.53000000000000e+00 0.00000000000000e+00 0.00000000000000e+00
4.54000000000000e+00 0.00000000000000e+00 0.00000000000000e+00
4.55000000000000e+00 0.00000000000000e+00 0.00000000000000e+00
4.56000000000000e+00 0.00000000000000e+00 0.00000000000000e+00
4.57000000000000e+00 0.00000000000000e+00 0.00000000000000e+00
4.58000000000000e+00 0.00000000000000e+00 0.00000000000000e+00
4.59000000000000e+00 0.00000000000000e+00 0.00000000000000e+00
4.60000000000000e+00 0.00000000000000e+00 0.00000000000000e+00
4.61000000000000e+00 0.00000000000000e+00 0.00000000000000e+00
4.62000000000000e+00 0.00000000000000e+00 0.00000000000000e+00
4.63000000000000e+00 0.00000000000000e+00 0.00000000000000e+00
4.64000000000000e+00 0.00000000000000e+00 0.00000000000000e+00
4.65000000000000e+00 0.00000000000000e+00 0.00000000000000e+00
4.66000000000000e+00 0.00000000000000e+00 0.00000000000000e+00
4.67000000000000e+00 0.00000000000000e+00 0.00000000000000e+00
4.68000000000000e+00 0.00000000000000e+00 0.00000000000000e+00
4.69000000000000e+00 0.00000000000000e+00 0.00000000000000e+00
4.70000000000000e+00 0.00000000000000e+00 0.00000000000000e+00
4.71000000000000e+00 0.00000000000000e+00 0.00000000000000e+00
4.72000000000000e+00 0.00000000000000e+00 0.00000000000000e+00
4.73000000000000e+00 0.00000000000000e+00 0.00000000000000e+00
4.74000000000000e+00 0.00000000000000e+00 0.00000000000000e+00
4.75000000000000e+00 0.00000000000000e+00 0.00000000000000e+00
4.76000000000000e+00 0.00000000000000e+00 0.00000000000000e+00
4.77000000000000e+00 0.00000000000000e+00 0.00000000000000e+00
4.78000000000000e+00 0.00000000000000e+00 0.00000000000000e+00
4.79000000000000e+00 0.00000000000000e+00 0.00000000000000e+00
4.80000000000000e+00 0.00000000000000e+00 0.00000000000000e+00
4.81000000000000e+00 0.00000000000000e+00 0.00000000000000e+00
4.82000000000000e+00 0.00000000000000e+00 0.00000000000000e+00
4.83000000000000e+00 0.00000000000000e+00 0.00000000000000e+00
4.84000000000000e+00 0.00000000000000e+00 0.00000000000000e+00
4.85000000000000e+00 0.00000000000000e+00 0.00000000000000e+00
4.86000000000000e+00 0.00000000000000e+00 0.00000000000000e+00
4.87000000000000e+00 0.00000000000000e+00 0.00000000000000e+00
4.88000000000000e+00 0.00000000000000e+00 0.00000000000000e+00
4.89000000000000e+00 0.00000000000000e+00 0.00000000000000e+00
4.90000000000000e+00 0.00000000000000e+00 0.00000000000000e+00
4.91000000000000e+00 0.00000000000000e+00 0.00000000000000e+00
4.92000000000000e+00 0.00000000000000e+00 0.00000000000000e+00
4.93000000000000e+00 0.00000000000000e+00 0.00000000000000e+00
4.94000000000000e+00 0.00000000000000e+00 0.00000000000000e+00
4.95000000000000e+00 0.00000000000000e+00 0.00000000000000e+00
4.96000000000000e+00 0.00000000000000e+00 0.00000000000000e+00
4.97000000000000e+00 0.00000000000000e+00 0.00000000000000e+00
4.98000000000000e+00 0.00000000000000e+00 0.00000000000000e+00
4.99000000000000e+00 0.00000000000000e+00 0.00000000000000e+00
5.00000000000000e+00 0.00000000000000e+00 0.00000000000000e+00
5.01000000000000e+00 0.00000000000000e+00 0.00000000000000e+00
5.02000000000000e+00 0.00000000000000e+00 0.00000000000000e+00
5.03000000000000e+00 0.00000000000000e+00 0.00000000000000e+00
5.04000000000000e+00 0.00000000000000e+00 0.00000000000000e+00
5.05000000000000e+00 0.00000000000000e+00 0.00000000000000e+00
5.06000000000000e+00 0.00000000000000e+00 0.00000000000000e+00
5.07000000000000e+00 0.00000000000000e+00 0.00000000000000e+00
5.08000000000000e+00 0.00000000000000e+00 0.00000000000000e+00
5.09000000000000e+00 0.00000000000000e+00 0.00000000000000e+00
5.10000000000000e+00 0.00000000000000e+00 0.00000000000000e+00
5.11000000000000e+00 0.00000000000000e+00 0.00000000000000e+00
5.12000000000000e+00 0.00000000000000e+00 0.00000000000000e+00
5.13000000000000e+00 0.00000000000000e+00 0.00000000000000e+00
5.14000000000000e+00 0.00000000000000e+00 0.00000000000000e+00
5.15000000000000e+00 0.00000000000000e+00 0.00000000000000e+00
5.16000000000000e+00 0.00000000000000e+00 0.00000000000000e+00
5.17000000000000e+00 0.00000000000000e+00 0.00000000000000e+00
5.18000000000000e+00 0.00000000000000e+00 0.00000000000000e+00
5.19000000000000e+00 0.00000000000000e+00 0.00000000000000e+00
5.20000000000000e+00 0.00000000000000e+00 0.00000000000000e+00
5.21000000000000e+00 0.00000000000000e+00 0.00000000000000e+00
5.22000000000000e+00 0.00000000000000e+00 0.00000000000000e+00
5.23000000000000e+00 0.00000000000000e+00 0.00000000000000e+00
5.24000000000000e+00 0.00000000000000e+00 0.00000000000000e+00
5.25000000000000e+00 0.00000000000000e+00 0.00000000000000e+00
5.26000000000000e+00 0.00000000000000e+00 0.00000000000000e+00
5.27000000000000e+00 0.00000000000000e+00 0.00000000000000e+00
5.28000000000000e+00 0.00000000000000e+00 0.00000000000000e+00
5.29000000000000e+00 0.00000000000000e+00 0.00000000000000e+00
5.30000000000000e+00 0.00000000000000e+00 0.00000000000000e+00
5.31000000000000e+00 0.00000000000000e+00 0.00000000000000e+00
5.32000000000000e+00 0.00000000000000e+00 0.00000000000000e+00
5.33000000000000e+00 0.00000000000000e+00 0.00000000000000e+00
5.34000000000000e+00 0.00000000000000e+00 0.00000000000000e+00
5.35000000000000e+00 0.00000000000000e+00 0.00000000000000e+00
5.36000000000000e+00 0.00000000000000e+00 0.00000000000000e+00
5.37000000000000e+00 0.00000000000000e+00 0.00000000000000e+00
5.38000000000000e+00 0.00000000000000e+00 0.00000000000000e+00
5.39000000000000e+00 0.00000000000000e+00 0.00000000000000e+00
5.40000000000000e+00 0.00000000000000e+00 0.00000000000000e+00
5.41000000000000e+00 0.00000000000000e+00 0.00000000000000e+00
5.42000000000000e+00 0.00000000000000e+00 0.00000000000000e+00
5.43000000000000e+00 0.00000000000000e+00 0.00000000000000e+00
5.44000000000000e+00 0.00000000000000e+00 0.00000000000000e+00
5.45000000000000e+00 0.00000000000000e+00 0.00000000000000e+00
5.46000000000000e+00 0.00000000000000e+00 0.00000000000000e+00
5.47000000000000e+00 0.00000000000000e+00 0.00000000000000e+00
5.48000000000000e+00 0.00000000000000e+00 0.00000000000000e+00
5.49000000000000e+00 0.00000000000000e+00 0.00000000000000e+00
5.50000000000000e+00 0.00000000000000e+00 0.00000000000000e+00
5.51000000000000e+00 0.00000000000000e+00 0.00000000000000e+00
5.52000000000000e+00 0.00000000000000e+00 0.00000000000000e+00
5.53000000000000e+00 0.00000000000000e+00 0.00000000000000e+00
5.54000000000000e+00 0.00000000000000e+00 0.00000000000000e+00
5.55000000000000e+00 0.00000000000000e+00 0.00000000000000e+00
5.56000000000000e+00 0.00000000000000e+00 0.00000000000000e+00
5.57000000000000e+00 0.00000000000000e+00 0.00000000000000e+00
5.58000000000000e+00 0.00000000000000e+00 0.00000000000000e+00
5.59000000000000e+00 0.00000000000000e+00 0.00000000000000e+00
5.60000000000000e+00 0.00000000000000e+00 0.00000000000000e+00
5.61000000000000e+00 0.00000000000000e+00 0.00000000000000e+00
5.62000000000000e+00 0.00000000000000e+00 0.00000000000000e+00
5.63000000000000e+00 0.00000000000000e+00 0.00000000000000e+00
5.64000000000000e+00 0.00000000000000e+00 0.00000000000000e+00
5.65000000000000e+00 0.00000000000000e+00 0.00000000000000e+00
5.66000000000000e+00 0.00000000000000e+00 0.00000000000000e+00
5.67000000000000e+00 0.00000000000000e+00 0.00000000000000e+00
5.68000000000000e+00 0.00000000000000e+00 0.00000000000000e+00
5.69000000000000e+00 0.00000000000000e+00 0.00000000000000e+00
5.70000000000000e+00 0.00000000000000e+00 0.00000000000000e+00
5.71000000000000e+00 0.00000000000000e+00 0.00000000000000e+00
5.72000000000000e+00 0.00000000000000e+00 0.00000000000000e+00
5.73000000000000e+00 0.00000000000000e+00 0.00000000000000e+00
5.74000000000000e+00 0.00000000000000e+00 0.00000000000000e+00
5.75000000000000e+00 0.00000000000000e+00 0.00000000000000e+00
5.76000000000000e+00 0.00000000000000e+00 0.00000000000000e+00
5.77000000000000e+00 0.00000000000000e+00 0.00000000000000e+00
5.78000000000000e+00 0.00000000000000e+00 0.00000000000000e+00
5.79000000000000e+00 0.00000000000000e+00 0.00000000000000e+00
5.80000000000000e+00 0.00000000000000e+00 0.00000000000000e+00
5.81000000000000e+00 0.00000000000000e+00 0.00000000000000e+00
5.82000000000000e+00 0.00000000000000e+00 0.00000000000000e+00
5.83000000000000e+00 0.00000000000000e+00 0.00000000000000e+00
5.84000000000000e+00 0.00000000000000e+00 0.00000000000000e+00
5.85000000000000e+00 0.00000000000000e+00 0.00000000000000e+00
5.86000000000000e+00 0.00000000000000e+00 0.00000000000000e+00
5.87000000000000e+00 0.00000000000000e+00 0.00000000000000e+00
5.88000000000000e+00 0.00000000000000e+00 0.00000000000000e+00
5.89000000000000e+00 0.00000000000000e+00 0.00000000000000e+00
5.90000000000000e+00 0.00000000000000e+00 0.00000000000000e+00
5.91000000000000e+00 0.00000000000000e+00 0.00000000000000e+00
5.92000000000000e+00 0.00000000000000e+00 0.00000000000000e+00
5.93000000000000e+00 0.00000000000000e+00 0.00000000000000e+00
5.94000000000000e+00 0.00000000000000e+00 0.00000000000000e+00
5.95000000000000e+00 0.00000000000000e+00 0.00000000000000e+00
5.96000000000000e+00 0.00000000000000e+00 0.00000000000000e+00
5.97000000000000e+00 0.00000000000000e+00 0.00000000000000e+00
5.98000000000000e+00 0.00000000000000e+00 0.00000000000000e+00
5.99000000000000e+00 0.00000000000000e+00 0.00000000000000e+00
