    0.0000000000E+00    2.3473144743E-04    9.3978935350E-04    2.1177458006E-03
    3.7728257410E-03    5.9108148403E-03    8.5389316960E-03    1.1665665657E-02
    1.5300581804E-02    1.9454094970E-02    2.4137214993E-02    2.9361265674E-02
    3.5137580187E-02    4.1477175938E-02    4.8390412106E-02    5.5886633240E-02
    6.3973802576E-02    7.2658128719E-02    8.1943689618E-02    9.1832057686E-02
    1.0232193013E-01    1.1340876835E-01    1.2508445054E-01    1.3733694131E-01
    1.5014998218E-01    1.6350280681E-01    1.7736988415E-01    1.9172069375E-01
    2.0651953526E-01    2.2172537608E-01    2.3729173945E-01    2.5316663539E-01
    2.6929253566E-01    2.8560639842E-01    3.0203973685E-01    3.1851873963E-01
    3.3496444078E-01    3.5129294089E-01    3.6741567203E-01    3.8323972110E-01
    3.9866819739E-01    4.1360064373E-01    4.2793349734E-01    4.4156059231E-01
    4.5437370253E-01    4.6626312197E-01    4.7711827907E-01    4.8682837783E-01
    4.9528306943E-01    5.0237316183E-01    5.0799131236E-01    5.1203273816E-01
    5.1439598694E-01    5.1498365821E-01    5.1370307399E-01    5.1046713457E-01
    5.0519486974E-01    4.9781227632E-01    4.8825284902E-01    4.7645835944E-01
    4.6237928701E-01    4.4597557094E-01    4.2721695957E-01    4.0608355463E-01
    3.8256623348E-01    3.5666693805E-01    3.2839900562E-01    2.9778739082E-01
    2.6486878623E-01    2.2969172089E-01    1.9231655823E-01    1.5281540433E-01
    1.1127196706E-01    6.7781320239E-02    2.2449589342E-02   -2.4606399304E-02
   -7.3259712313E-02   -1.2337376689E-01   -1.7480297607E-01   -2.2739345818E-01
   -2.8098381332E-01   -3.3540596893E-01   -3.9048609077E-01   -4.4604555536E-01
   -5.0190197939E-01   -5.5787030140E-01   -6.1376391058E-01   -6.6939581712E-01
   -7.2457985848E-01   -7.7913193545E-01   -8.3287127169E-01   -8.8562169027E-01
   -9.3721290067E-01   -9.8748179707E-01   -1.0362737300E+00   -1.0834432764E+00
   -1.1288533943E+00   -1.1723733832E+00   -1.2138791736E+00   -1.2532538460E+00
   -1.2903880678E+00   -1.3251804953E+00   -1.3575379316E+00   -1.3873762280E+00
   -1.4146202902E+00   -1.4392041677E+00   -1.4610713935E+00   -1.4801750180E+00
   -1.4964781344E+00   -1.5099539804E+00   -1.5205855875E+00   -1.5283659736E+00
   -1.5332980959E+00   -1.5353952942E+00   -1.5346804782E+00   -1.5311862536E+00
   -1.5249549122E+00   -1.5160379684E+00   -1.5044958200E+00   -1.4903978412E+00
   -1.4738214928E+00   -1.4548516999E+00   -1.4335811137E+00   -1.4101094271E+00
   -1.3845410012E+00   -1.3569863736E+00   -1.3275617315E+00   -1.2963840341E+00
   -1.2635747891E+00   -1.2292587253E+00   -1.1935571827E+00   -1.1565948216E+00
   -1.1184951743E+00   -1.0793757950E+00   -1.0393570420E+00   -9.9855161617E-01
   -9.5706768190E-01   -9.1501560887E-01   -8.7249185934E-01   -8.2959565947E-01
   -7.8642043018E-01   -7.4305414195E-01   -6.9958717760E-01   -6.5610269483E-01
   -6.1268736121E-01   -5.6942628572E-01   -5.2640623485E-01   -4.8371616181E-01
   -4.4144677760E-01   -3.9969189463E-01   -3.5854728903E-01   -3.1811069556E-01
   -2.7848167142E-01   -2.3975796567E-01   -2.0204019809E-01   -1.6542001159E-01
   -1.2999526555E-01   -9.5845740202E-02   -6.3059876657E-02   -3.1703203855E-02
   -1.8478069897E-03    2.6456388633E-02    5.3157312817E-02    7.8222294671E-02
    1.0162022624E-01    1.2333624746E-01    1.4335935819E-01    1.6169204316E-01
    1.7834145331E-01    1.9332609886E-01    2.0666887111E-01    2.1840235270E-01
    2.2856277217E-01    2.3719441418E-01    2.4434470705E-01    2.5006702838E-01
    2.5441823366E-01    2.5745807803E-01    2.5925143176E-01    2.5986170558E-01
    2.5936066275E-01    2.5781313365E-01    2.5529563060E-01    2.5187401911E-01
    2.4762567618E-01    2.4261845523E-01    2.3692721571E-01    2.3062201653E-01
    2.2377226232E-01    2.1645046611E-01    2.0871801154E-01    2.0064985720E-01
    1.9229951254E-01    1.8373774650E-01    1.7501646743E-01    1.6619557601E-01
    1.5732879776E-01    1.4846228171E-01    1.3965183306E-01    1.3093126852E-01
    1.2235110638E-01    1.1394168184E-01    1.0573925716E-01    9.7776770635E-02
    9.0074365687E-02    8.2666351382E-02    7.5562674454E-02    6.8785364645E-02
    6.2347453467E-02    5.6255327952E-02    5.0523756717E-02    4.5149397336E-02
    4.0137616957E-02    3.5486734122E-02    3.1190137804E-02    2.7246728723E-02
    2.3643672271E-02    2.0372238964E-02    1.7421055170E-02    1.4775017024E-02
    1.2420317981E-02    1.0340462914E-02    8.5182289126E-03    6.9356094255E-03
    5.5753944786E-03    4.4175665075E-03    3.4440767234E-03    2.6378733749E-03
    1.9768667837E-03    1.4468136594E-03    1.0304532927E-03    7.0724358018E-04
    4.6709087668E-04    2.9297414211E-04    1.7010811352E-04    9.1216598523E-05
    4.1230126412E-05    1.2498772302E-05    8.1912250875E-07   -5.7304560233E-06
   -7.4821006550E-06   -5.2773363344E-06   -3.8024302514E-06   -1.9122122872E-06
    9.2792861288E-09    3.2816443312E-07    2.4893462946E-07    0.0000000000E+00
    0.0000000000E+00    0.0000000000E+00    0.0000000000E+00    0.0000000000E+00
    0.0000000000E+00    0.0000000000E+00    0.0000000000E+00    0.0000000000E+00
    0.0000000000E+00    0.0000000000E+00    0.0000000000E+00    0.0000000000E+00
    0.0000000000E+00    0.0000000000E+00    0.0000000000E+00    0.0000000000E+00
    0.0000000000E+00    0.0000000000E+00    0.0000000000E+00    0.0000000000E+00
    0.0000000000E+00    0.0000000000E+00    0.0000000000E+00    0.0000000000E+00
    0.0000000000E+00    0.0000000000E+00    0.0000000000E+00    0.0000000000E+00
    0.0000000000E+00    0.0000000000E+00    0.0000000000E+00    0.0000000000E+00
    0.0000000000E+00    0.0000000000E+00    0.0000000000E+00    0.0000000000E+00
    0.0000000000E+00    0.0000000000E+00    0.0000000000E+00    0.0000000000E+00
    0.0000000000E+00    0.0000000000E+00    0.0000000000E+00    0.0000000000E+00
    0.0000000000E+00    0.0000000000E+00    0.0000000000E+00    0.0000000000E+00
    0.0000000000E+00    0.0000000000E+00    0.0000000000E+00    0.0000000000E+00
    0.0000000000E+00    0.0000000000E+00    0.0000000000E+00    0.0000000000E+00
    0.0000000000E+00    0.0000000000E+00    0.0000000000E+00    0.0000000000E+00
    0.0000000000E+00    0.0000000000E+00    0.0000000000E+00    0.0000000000E+00
    0.0000000000E+00    0.0000000000E+00    0.0000000000E+00    0.0000000000E+00
    0.0000000000E+00    0.0000000000E+00    0.0000000000E+00    0.0000000000E+00
    0.0000000000E+00    0.0000000000E+00    0.0000000000E+00    0.0000000000E+00
    0.0000000000E+00    0.0000000000E+00    0.0000000000E+00    0.0000000000E+00
    0.0000000000E+00    0.0000000000E+00    0.0000000000E+00    0.0000000000E+00
    0.0000000000E+00    0.0000000000E+00    0.0000000000E+00    0.0000000000E+00
    0.0000000000E+00    0.0000000000E+00    0.0000000000E+00    0.0000000000E+00
    0.0000000000E+00    0.0000000000E+00    0.0000000000E+00    0.0000000000E+00
    0.0000000000E+00    0.0000000000E+00    0.0000000000E+00    0.0000000000E+00
    0.0000000000E+00    0.0000000000E+00    0.0000000000E+00    0.0000000000E+00
    0.0000000000E+00    0.0000000000E+00    0.0000000000E+00    0.0000000000E+00
    0.0000000000E+00    0.0000000000E+00    0.0000000000E+00    0.0000000000E+00
    0.0000000000E+00    0.0000000000E+00    0.0000000000E+00    0.0000000000E+00
    0.0000000000E+00    0.0000000000E+00    0.0000000000E+00    0.0000000000E+00
    0.0000000000E+00    0.0000000000E+00    0.0000000000E+00    0.0000000000E+00
    0.0000000000E+00    0.0000000000E+00    0.0000000000E+00    0.0000000000E+00
    0.0000000000E+00    0.0000000000E+00    0.0000000000E+00    0.0000000000E+00
    0.0000000000E+00    0.0000000000E+00    0.0000000000E+00    0.0000000000E+00
    0.0000000000E+00    0.0000000000E+00    0.0000000000E+00    0.0000000000E+00
    0.0000000000E+00    0.0000000000E+00    0.0000000000E+00    0.0000000000E+00
    0.0000000000E+00    0.0000000000E+00    0.0000000000E+00    0.0000000000E+00
    0.0000000000E+00    0.0000000000E+00    0.0000000000E+00    0.0000000000E+00
    0.0000000000E+00    0.0000000000E+00    0.0000000000E+00    0.0000000000E+00
    0.0000000000E+00    0.0000000000E+00    0.0000000000E+00    0.0000000000E+00
    0.0000000000E+00    0.0000000000E+00    0.0000000000E+00    0.0000000000E+00
    0.0000000000E+00    0.0000000000E+00    0.0000000000E+00    0.0000000000E+00
    0.0000000000E+00    0.0000000000E+00    0.0000000000E+00    0.0000000000E+00
    0.0000000000E+00    0.0000000000E+00    0.0000000000E+00    0.0000000000E+00
    0.0000000000E+00    0.0000000000E+00    0.0000000000E+00    0.0000000000E+00
    0.0000000000E+00    0.0000000000E+00    0.0000000000E+00    0.0000000000E+00
    0.0000000000E+00    0.0000000000E+00    0.0000000000E+00    0.0000000000E+00
    0.0000000000E+00    0.0000000000E+00    0.0000000000E+00    0.0000000000E+00
    0.0000000000E+00    0.0000000000E+00    0.0000000000E+00    0.0000000000E+00
    0.0000000000E+00    0.0000000000E+00    0.0000000000E+00    0.0000000000E+00
    0.0000000000E+00    0.0000000000E+00    0.0000000000E+00    0.0000000000E+00
    0.0000000000E+00    0.0000000000E+00    0.0000000000E+00    0.0000000000E+00
    0.0000000000E+00    0.0000000000E+00    0.0000000000E+00    0.0000000000E+00
    0.0000000000E+00    0.0000000000E+00    0.0000000000E+00    0.0000000000E+00
    0.0000000000E+00    0.0000000000E+00    0.0000000000E+00    0.0000000000E+00
    0.0000000000E+00    0.0000000000E+00    0.0000000000E+00    0.0000000000E+00
    0.0000000000E+00    0.0000000000E+00    0.0000000000E+00    0.0000000000E+00
    0.0000000000E+00    0.0000000000E+00    0.0000000000E+00    0.0000000000E+00
    0.0000000000E+00    0.0000000000E+00    0.0000000000E+00    0.0000000000E+00
    0.0000000000E+00    0.0000000000E+00    0.0000000000E+00    0.0000000000E+00
    0.0000000000E+00    0.0000000000E+00    0.0000000000E+00    0.0000000000E+00
    0.0000000000E+00    0.0000000000E+00    0.0000000000E+00    0.0000000000E+00
    0.0000000000E+00    0.0000000000E+00    0.0000000000E+00    0.0000000000E+00
    0.0000000000E+00    0.0000000000E+00    0.0000000000E+00    0.0000000000E+00
    0.0000000000E+00    0.0000000000E+00    0.0000000000E+00    0.0000000000E+00
    0.0000000000E+00    0.0000000000E+00    0.0000000000E+00    0.0000000000E+00
    0.0000000000E+00    0.0000000000E+00    0.0000000000E+00    0.0000000000E+00
    0.0000000000E+00    0.0000000000E+00    0.0000000000E+00    0.0000000000E+00
    0.0000000000E+00    0.0000000000E+00    0.0000000000E+00    0.0000000000E+00
    0.0000000000E+00    0.0000000000E+00    0.0000000000E+00    0.0000000000E+00
    0.0000000000E+00    0.0000000000E+00    0.0000000000E+00    0.0000000000E+00
    0.0000000000E+00    0.0000000000E+00    0.0000000000E+00    0.0000000000E+00
    0.0000000000E+00    0.0000000000E+00    0.0000000000E+00    0.0000000000E+00
    0.0000000000E+00    0.0000000000E+00    0.0000000000E+00    0.0000000000E+00
    0.0000000000E+00    0.0000000000E+00    0.0000000000E+00    0.0000000000E+00
    0.0000000000E+00    0.0000000000E+00    0.0000000000E+00    0.0000000000E+00
    0.0000000000E+00    0.0000000000E+00    0.0000000000E+00    0.0000000000E+00
    0.0000000000E+00    0.0000000000E+00    0.0000000000E+00    0.0000000000E+00
    0.0000000000E+00    0.0000000000E+00    0.0000000000E+00    0.0000000000E+00
    0.0000000000E+00    0.0000000000E+00    0.0000000000E+00    0.0000000000E+00
    0.0000000000E+00    0.0000000000E+00    0.0000000000E+00    0.0000000000E+00
    0.0000000000E+00    0.0000000000E+00    0.0000000000E+00    0.0000000000E+00
    0.0000000000E+00    0.0000000000E+00    0.0000000000E+00    0.0000000000E+00
    0.0000000000E+00    0.0000000000E+00    0.0000000000E+00    0.0000000000E+00
    0.0000000000E+00    0.0000000000E+00    0.0000000000E+00    0.0000000000E+00
    0.0000000000E+00    0.0000000000E+00    0.0000000000E+00    0.0000000000E+00
    0.0000000000E+00    0.0000000000E+00    0.0000000000E+00    0.0000000000E+00
    0.0000000000E+00    0.0000000000E+00    0.0000000000E+00    0.0000000000E+00
