4.46428571428570e-04 -2.82304461870810e+00
4.57455357142860e-04 -2.82304471216910e+00
4.68754504464290e-04 -2.82304480313980e+00
4.80332740724550e-04 -2.82304489166840e+00
4.92196959420450e-04 -2.82304497780110e+00
5.04354224318140e-04 -2.82304506158270e+00
5.16811773658790e-04 -2.82304514305610e+00
5.29577024468170e-04 -2.82304522226250e+00
5.42657576972530e-04 -2.82304529924130e+00
5.56061219123750e-04 -2.82304537403050e+00
5.69795931236110e-04 -2.82304544666590e+00
5.83869890737640e-04 -2.82304551718210e+00
5.98291477038860e-04 -2.82304558561160e+00
6.13069276521720e-04 -2.82304565198540e+00
6.28212087651800e-04 -2.82304571633270e+00
6.43728926216800e-04 -2.82304577868110e+00
6.59629030694360e-04 -2.82304583905630e+00
6.75921867752510e-04 -2.82304589748240e+00
6.92617137886000e-04 -2.82304595398170e+00
7.09724781191780e-04 -2.82304600857470e+00
7.27254983287220e-04 -2.82304606128010e+00
7.45218181374410e-04 -2.82304611211480e+00
7.63625070454360e-04 -2.82304616109380e+00
7.82486609694580e-04 -2.82304620823050e+00
8.01814028954040e-04 -2.82304625353620e+00
8.21618835469200e-04 -2.82304629702010e+00
8.41912820705290e-04 -2.82304633868970e+00
8.62708067376710e-04 -2.82304637855050e+00
8.84016956640920e-04 -2.82304641660590e+00
9.05852175469950e-04 -2.82304645285700e+00
9.28226724204060e-04 -2.82304648730310e+00
9.51153924291900e-04 -2.82304651994100e+00
9.74647426221910e-04 -2.82304655076550e+00
9.98721217649590e-04 -2.82304657976900e+00
1.02338963172550e-03 -2.82304660694130e+00
1.04866735562920e-03 -2.82304663227010e+00
1.07456943931320e-03 -2.82304665574030e+00
1.10111130446420e-03 -2.82304667733440e+00
1.12830875368450e-03 -2.82304669703190e+00
1.15617797990050e-03 -2.82304671480990e+00
1.18473557600400e-03 -2.82304673064230e+00
1.21399854473130e-03 -2.82304674450020e+00
1.24398430878620e-03 -2.82304675635140e+00
1.27471072121320e-03 -2.82304676616080e+00
1.30619607602720e-03 -2.82304677388970e+00
1.33845911910510e-03 -2.82304677949600e+00
1.37151905934700e-03 -2.82304678293410e+00
1.40539558011280e-03 -2.82304678415460e+00
1.44010885094160e-03 -2.82304678310410e+00
1.47567953955990e-03 -2.82304677972540e+00
1.51212882418700e-03 -2.82304677395670e+00
1.54947840614440e-03 -2.82304676573220e+00
1.58775052277620e-03 -2.82304675498130e+00
1.62696796068880e-03 -2.82304674162860e+00
1.66715406931780e-03 -2.82304672559370e+00
1.70833277482990e-03 -2.82304670679110e+00
1.75052859436820e-03 -2.82304668512970e+00
1.79376665064910e-03 -2.82304666051290e+00
1.83807268692010e-03 -2.82304663283790e+00
1.88347308228710e-03 -2.82304660199590e+00
1.92999486741960e-03 -2.82304656787140e+00
1.97766574064480e-03 -2.82304653034230e+00
2.02651408443880e-03 -2.82304648927910e+00
2.07656898232440e-03 -2.82304644454520e+00
2.12786023618780e-03 -2.82304639599600e+00
2.18041838402160e-03 -2.82304634347860e+00
2.23427471810700e-03 -2.82304628683180e+00
2.28946130364420e-03 -2.82304622588520e+00
2.34601099784420e-03 -2.82304616045930e+00
2.40395746949100e-03 -2.82304609036450e+00
2.46333521898740e-03 -2.82304601540100e+00
2.52417959889640e-03 -2.82304593535830e+00
2.58652683498910e-03 -2.82304585001420e+00
2.65041404781340e-03 -2.82304575913510e+00
2.71587927479440e-03 -2.82304566247470e+00
2.78296149288180e-03 -2.82304555977370e+00
2.85170064175600e-03 -2.82304545075910e+00
2.92213764760730e-03 -2.82304533514360e+00
2.99431444750320e-03 -2.82304521262470e+00
3.06827401435660e-03 -2.82304508288420e+00
3.14406038251120e-03 -2.82304494558750e+00
3.22171867395920e-03 -2.82304480038240e+00
3.30129512520600e-03 -2.82304464689850e+00
3.38283711479860e-03 -2.82304448474640e+00
3.46639319153410e-03 -2.82304431351660e+00
3.55201310336500e-03 -2.82304413277830e+00
3.63974782701810e-03 -2.82304394207900e+00
3.72964959834550e-03 -2.82304374094280e+00
3.82177194342460e-03 -2.82304352886950e+00
3.91616971042720e-03 -2.82304330533320e+00
4.01289910227470e-03 -2.82304306978150e+00
4.11201771010090e-03 -2.82304282163380e+00
4.21358454754040e-03 -2.82304256027970e+00
4.31766008586470e-03 -2.82304228507820e+00
4.42430628998550e-03 -2.82304199535560e+00
4.53358665534820e-03 -2.82304169040400e+00
4.64556624573530e-03 -2.82304136947980e+00
4.76031173200490e-03 -2.82304103180170e+00
4.87789143178540e-03 -2.82304067654890e+00
4.99837535015050e-03 -2.82304030285930e+00
5.12183522129930e-03 -2.82303990982720e+00
5.24834455126540e-03 -2.82303949650110e+00
5.37797866168160e-03 -2.82303906188180e+00
5.51081473462510e-03 -2.82303860491950e+00
5.64693185857040e-03 -2.82303812451190e+00
5.78641107547710e-03 -2.82303761950100e+00
5.92933542904140e-03 -2.82303708867050e+00
6.07579001413870e-03 -2.82303653074310e+00
6.22586202748790e-03 -2.82303594437740e+00
6.37964081956690e-03 -2.82303532816430e+00
6.53721794781020e-03 -2.82303468062440e+00
6.69868723112110e-03 -2.82303400020360e+00
6.86414480572980e-03 -2.82303328527020e+00
7.03368918243130e-03 -2.82303253411040e+00
7.20742130523730e-03 -2.82303174492440e+00
7.38544461147670e-03 -2.82303091582250e+00
7.56786509338020e-03 -2.82303004482000e+00
7.75479136118670e-03 -2.82302912983280e+00
7.94633470780800e-03 -2.82302816867240e+00
8.14260917509080e-03 -2.82302715904070e+00
8.34373162171560e-03 -2.82302609852440e+00
8.54982179277190e-03 -2.82302498458970e+00
8.76100239105340e-03 -2.82302381457550e+00
8.97739915011240e-03 -2.82302258568780e+00
9.19914090912020e-03 -2.82302129499270e+00
9.42635968957550e-03 -2.82301993940950e+00
9.65919077390800e-03 -2.82301851570320e+00
9.89777278602350e-03 -2.82301702047740e+00
1.01422477738380e-02 -2.82301545016530e+00
1.03927612938520e-02 -2.82301380102210e+00
1.06494624978100e-02 -2.82301206911570e+00
1.09125042215060e-02 -2.82301025031730e+00
1.11820430757770e-02 -2.82300834029180e+00
1.14582395397490e-02 -2.82300633448740e+00
1.17412580563810e-02 -2.82300422812480e+00
1.20312671303730e-02 -2.82300201618590e+00
1.23284394284940e-02 -2.82299969340180e+00
1.26329518823770e-02 -2.82299725424050e+00
1.29449857938720e-02 -2.82299469289360e+00
1.32647269429810e-02 -2.82299200326280e+00
1.35923656984720e-02 -2.82298917894480e+00
1.39280971312250e-02 -2.82298621321720e+00
1.42721211303660e-02 -2.82298309902150e+00
1.46246425222860e-02 -2.82297982894700e+00
1.49858711925860e-02 -2.82297639521320e+00
1.53560222110430e-02 -2.82297278965130e+00
1.57353159596560e-02 -2.82296900368480e+00
1.61239782638600e-02 -2.82296502830960e+00
1.65222405269770e-02 -2.82296085407230e+00
1.69303398679930e-02 -2.82295647104780e+00
1.73485192627330e-02 -2.82295186881670e+00
1.77770276885220e-02 -2.82294703643950e+00
1.82161202724290e-02 -2.82294196243190e+00
1.86660584431580e-02 -2.82293663473690e+00
1.91271100867040e-02 -2.82293104069700e+00
1.95995497058450e-02 -2.82292516702410e+00
2.00836585835800e-02 -2.82291899976820e+00
2.05797249505940e-02 -2.82291252428480e+00
2.10880441568740e-02 -2.82290572520010e+00
2.16089188475490e-02 -2.82289858637540e+00
2.21426591430830e-02 -2.82289109086890e+00
2.26895828239170e-02 -2.82288322089600e+00
2.32500155196680e-02 -2.82287495778770e+00
2.38242909030040e-02 -2.82286628194670e+00
2.44127508883080e-02 -2.82285717280200e+00
2.50157458352490e-02 -2.82284760876030e+00
2.56336347573800e-02 -2.82283756715580e+00
2.62667855358870e-02 -2.82282702419740e+00
2.69155751386230e-02 -2.82281595491320e+00
2.75803898445470e-02 -2.82280433309230e+00
2.82616254737080e-02 -2.82279213122390e+00
2.89596876229080e-02 -2.82277932043370e+00
2.96749919071940e-02 -2.82276587041630e+00
3.04079642073020e-02 -2.82275174936560e+00
3.11590409232220e-02 -2.82273692390100e+00
3.19286692340260e-02 -2.82272135899040e+00
3.27173073641060e-02 -2.82270501786930e+00
3.35254248560000e-02 -2.82268786195610e+00
3.43535028499430e-02 -2.82266985076400e+00
3.52020343703360e-02 -2.82265094180740e+00
3.60715246192840e-02 -2.82263109050490e+00
3.69624912773800e-02 -2.82261025007770e+00
3.78754648119310e-02 -2.82258837144260e+00
3.88109887927860e-02 -2.82256540310070e+00
3.97696202159680e-02 -2.82254129101990e+00
4.07519298353020e-02 -2.82251597851340e+00
4.17585025022340e-02 -2.82248940611090e+00
4.27899375140390e-02 -2.82246151142530e+00
4.38468489706360e-02 -2.82243222901210e+00
4.49298661402110e-02 -2.82240149022310e+00
4.60396338338740e-02 -2.82236922305320e+00
4.71768127895710e-02 -2.82233535198030e+00
4.83420800654730e-02 -2.82229979779750e+00
4.95361294430900e-02 -2.82226247743860e+00
5.07596718403350e-02 -2.82222330379510e+00
5.20134357347910e-02 -2.82218218552520e+00
5.32981675974400e-02 -2.82213902685510e+00
5.46146323370970e-02 -2.82209372737000e+00
5.59636137558230e-02 -2.82204618179780e+00
5.73459150155920e-02 -2.82199627978260e+00
5.87623591164770e-02 -2.82194390564800e+00
6.02137893866540e-02 -2.82188893815150e+00
6.17010699845050e-02 -2.82183125022770e+00
6.32250864131220e-02 -2.82177070872130e+00
6.47867460475260e-02 -2.82170717410890e+00
6.63869786749000e-02 -2.82164050020940e+00
6.80267370481700e-02 -2.82157053388300e+00
6.97069974532600e-02 -2.82149711471780e+00
7.14287602903550e-02 -2.82142007470520e+00
7.31930506695270e-02 -2.82133923790120e+00
7.50009190210640e-02 -2.82125442007640e+00
7.68534417208850e-02 -2.82116542835160e+00
7.87517217313900e-02 -2.82107206082160e+00
8.06968892581560e-02 -2.82097410616370e+00
8.26901024228320e-02 -2.82087134323410e+00
8.47325479526760e-02 -2.82076354064970e+00
8.68254418871070e-02 -2.82065045635570e+00
8.89700303017190e-02 -2.82053183718000e+00
9.11675900501710e-02 -2.82040741837270e+00
9.34194295244100e-02 -2.82027692313230e+00
9.57268894336630e-02 -2.82014006211780e+00
9.80913436026750e-02 -2.81999653294670e+00
1.00514199789660e-01 -2.81984601968030e+00
1.02996900524470e-01 -2.81968819229540e+00
1.05540923967420e-01 -2.81952270614370e+00
1.08147784789420e-01 -2.81934920139840e+00
1.10819035073710e-01 -2.81916730249050e+00
1.13556265240030e-01 -2.81897661753360e+00
1.16361104991460e-01 -2.81877673773920e+00
1.19235224284750e-01 -2.81856723682360e+00
1.22180334324590e-01 -2.81834767040720e+00
1.25198188582400e-01 -2.81811757540820e+00
1.28290583840390e-01 -2.81787646943180e+00
1.31459361261250e-01 -2.81762385015640e+00
1.34706407484400e-01 -2.81735919472070e+00
1.38033655749260e-01 -2.81708195911120e+00
1.41443087046270e-01 -2.81679157755450e+00
1.44936731296310e-01 -2.81648746191760e+00
1.48516668559330e-01 -2.81616900111690e+00
1.52185030272750e-01 -2.81583556054160e+00
1.55944000520480e-01 -2.81548648149420e+00
1.59795817333340e-01 -2.81512108065210e+00
1.63742774021470e-01 -2.81473864955380e+00
1.67787220539800e-01 -2.81433845411630e+00
1.71931564887140e-01 -2.81391973418660e+00
1.76178274539850e-01 -2.81348170313330e+00
1.80529877920980e-01 -2.81302354748450e+00
1.84988965905630e-01 -2.81254442661750e+00
1.89558193363500e-01 -2.81204347250600e+00
1.94240280739580e-01 -2.81151978953290e+00
1.99038015673850e-01 -2.81097245437490e+00
2.03954254660990e-01 -2.81040051596570e+00
2.08991924751120e-01 -2.80980299554690e+00
2.14154025292470e-01 -2.80917888681320e+00
2.19443629717190e-01 -2.80852715616160e+00
2.24863887371210e-01 -2.80784674305090e+00
2.30418025389280e-01 -2.80713656048310e+00
2.36109350616390e-01 -2.80639549561320e+00
2.41941251576620e-01 -2.80562241049780e+00
2.47917200490560e-01 -2.80481614299090e+00
2.54040755342680e-01 -2.80397550779760e+00
2.60315561999640e-01 -2.80309929769280e+00
2.66745356381030e-01 -2.80218628491610e+00
2.73333966683640e-01 -2.80123522275170e+00
2.80085315660730e-01 -2.80024484730110e+00
2.87003422957550e-01 -2.79921387945990e+00
2.94092407504600e-01 -2.79814102710480e+00
3.01356489969970e-01 -2.79702498750180e+00
3.08799995272220e-01 -2.79586444994080e+00
3.16427355155450e-01 -2.79465809860750e+00
3.24243110827790e-01 -2.79340461569680e+00
3.32251915665230e-01 -2.79210268477630e+00
3.40458537982160e-01 -2.79075099440560e+00
3.48867863870320e-01 -2.78934824201520e+00
3.57484900107920e-01 -2.78789313805160e+00
3.66314777140590e-01 -2.78638441039010e+00
3.75362752135960e-01 -2.78482080901790e+00
3.84634212113720e-01 -2.78320111098840e+00
3.94134677152930e-01 -2.78152412564390e+00
4.03869803678600e-01 -2.77978870010520e+00
4.13845387829460e-01 -2.77799372501760e+00
4.24067368908850e-01 -2.77613814054680e+00
4.34541832920900e-01 -2.77422094260520e+00
4.45275016194050e-01 -2.77224118929090e+00
4.56273309094040e-01 -2.77019800750660e+00
4.67543259828660e-01 -2.76809059972270e+00
4.79091578346430e-01 -2.76591825083110e+00
4.90925140331590e-01 -2.76368033502430e+00
5.03050991297780e-01 -2.76137632261390e+00
5.15476350782830e-01 -2.75900578667700e+00
5.28208616647170e-01 -2.75656840939000e+00
5.41255369478350e-01 -2.75406398787000e+00
5.54624377104470e-01 -2.75149243929560e+00
5.68323599218950e-01 -2.74885380502140e+00
5.82361192119660e-01 -2.74614825332180e+00
5.96745513565010e-01 -2.74337608031260e+00
6.11485127750070e-01 -2.74053770848040e+00
6.26588810405500e-01 -2.73763368210970e+00
6.42065554022510e-01 -2.73466465872370e+00
6.57924573206870e-01 -2.73163139543650e+00
6.74175310165080e-01 -2.72853472885250e+00
6.90827440326150e-01 -2.72537554682090e+00
7.07890878102210e-01 -2.72215474995690e+00
7.25375782791330e-01 -2.71887320035630e+00
7.43292564626280e-01 -2.71553165434130e+00
7.61651890972550e-01 -2.71213067536660e+00
7.80464692679570e-01 -2.70867052236150e+00
7.99742170588760e-01 -2.70515100776960e+00
8.19495802202300e-01 -2.70157131835180e+00
8.39737348516700e-01 -2.69792979041680e+00
8.60478861025060e-01 -2.69422362954070e+00
8.81732688892380e-01 -2.69044856301070e+00
9.03511486308020e-01 -2.68659841122020e+00
9.25828220019830e-01 -2.68266456207800e+00
9.48696177054320e-01 -2.67863533026990e+00
9.72128972627560e-01 -2.67449518106330e+00
9.96140558251460e-01 -2.67022379648550e+00
1.02074523004030e+00 -2.66579496045340e+00
1.04595763722230e+00 -2.66117523922310e+00
1.07179279086170e+00 -2.65632243495380e+00
1.09826607279590e+00 -2.65118379403870e+00
1.12539324479400e+00 -2.64569395913580e+00
1.15319045794040e+00 -2.63977266580830e+00
1.18167426225150e+00 -2.63332220286880e+00
1.21086161652910e+00 -2.62622468173130e+00
1.24076989845740e+00 -2.61833919639660e+00
1.27141691494930e+00 -2.60949900447190e+00
1.30282091274860e+00 -2.59950892344450e+00
1.33500058929350e+00 -2.58814321807050e+00
1.36797510384900e+00 -2.57514435720620e+00
1.40176408891410e+00 -2.56022314494700e+00
1.43638766191030e+00 -2.54306088521430e+00
1.47186643715940e+00 -2.52331442535770e+00
1.50822153815730e+00 -2.50062514862300e+00
1.54547461014980e+00 -2.47463325541050e+00
1.58364783302050e+00 -2.44499900061630e+00
1.62276393449610e+00 -2.41143295615530e+00
1.66284620367810e+00 -2.37373786978250e+00
1.70391850490900e+00 -2.33186533210940e+00
1.74600529198020e+00 -2.28599131816300e+00
1.78913162269210e+00 -2.23661632475290e+00
1.83332317377260e+00 -2.18469883869940e+00
1.87860625616480e+00 -2.13183307965840e+00
1.92500783069210e+00 -2.07992807523780e+00
1.97255552411020e+00 -2.02938329479150e+00
2.02127764555570e+00 -1.98014438300950e+00
2.07120320340090e+00 -1.93216225096000e+00
2.12236192252490e+00 -1.88539229052590e+00
2.17478426201130e+00 -1.83979370240580e+00
2.22850143328300e+00 -1.79532892508330e+00
2.28354541868510e+00 -1.75196315235820e+00
2.33994899052660e+00 -1.70966392772150e+00
2.39774573059260e+00 -1.66840080481720e+00
2.45697005013820e+00 -1.62814506430850e+00
2.51765721037660e+00 -1.58886947856930e+00
2.57984334347290e+00 -1.55054811668990e+00
2.64356547405670e+00 -1.51315618327670e+00
2.70886154126590e+00 -1.47666988544270e+00
2.77577042133520e+00 -1.44106632319360e+00
2.84433195074220e+00 -1.40632339914490e+00
2.91458694992550e+00 -1.37241974413430e+00
2.98657724758870e+00 -1.33933465584690e+00
3.06034570560410e+00 -1.30704804804690e+00
3.13593624453250e+00 -1.27554040841640e+00
3.21339386977250e+00 -1.24479276334990e+00
3.29276469835580e+00 -1.21478664834750e+00
3.37409598640520e+00 -1.18550408289920e+00
3.45743615726940e+00 -1.15692754895710e+00
3.54283483035400e+00 -1.12903997227010e+00
3.63034285066370e+00 -1.10182470599370e+00
3.72001231907510e+00 -1.07526551611040e+00
3.81189662335630e+00 -1.04934656828850e+00
3.90605046995320e+00 -1.02405241588720e+00
4.00252991656100e+00 -9.99367988879860e-01
4.10139240550010e+00 -9.75278583515650e-01
4.20269679791590e+00 -9.51769852581760e-01
4.30650340882450e+00 -9.28827796160090e-01
4.41287404302240e+00 -9.06438752796340e-01
4.52187203188510e+00 -8.84589391019510e-01
4.63356227107260e+00 -8.63266701164480e-01
4.74801125916810e+00 -8.42457987461780e-01
4.86528713726960e+00 -8.22150860367250e-01
4.98545972956020e+00 -8.02333229110820e-01
5.10860058488030e+00 -7.82993294448410e-01
5.23478301932680e+00 -7.64119541604470e-01
5.36408215990420e+00 -7.45700733395370e-01
5.49657498925380e+00 -7.27725903525630e-01
5.63234039148840e+00 -7.10184350050390e-01
5.77145919915820e+00 -6.93065628998400e-01
5.91401424137740e+00 -6.76359548150670e-01
6.06009039313940e+00 -6.60056160970280e-01
6.20977462584990e+00 -6.44145760679210e-01
6.36315605910840e+00 -6.28618874478430e-01
6.52032601376840e+00 -6.13466257907530e-01
6.68137806630850e+00 -5.98678889340530e-01
6.84640810454630e+00 -5.84247964614410e-01
7.01551438472860e+00 -5.70164891787200e-01
7.18879759003140e+00 -5.56421286022420e-01
7.36636089050520e+00 -5.43008964596860e-01
7.54831000450070e+00 -5.29919942028740e-01
7.73475326161180e+00 -5.17146425323250e-01
7.92580166717360e+00 -5.04680809332740e-01
8.12156896835280e+00 -4.92515672228690e-01
8.32217172187110e+00 -4.80643771082940e-01
8.52772936340130e+00 -4.69058037555320e-01
8.73836427867740e+00 -4.57751573685290e-01
8.95420187636070e+00 -4.46717647785010e-01
9.17537066270680e+00 -4.35949690431350e-01
9.40200231807570e+00 -4.25441290554650e-01
9.63423177533210e+00 -4.15186191621600e-01
9.87219730018280e+00 -4.05178287910220e-01
1.01160405734970e+01 -3.95411620874610e-01
1.03659067756630e+01 -3.85880375597360e-01
1.06219446730220e+01 -3.76578877327370e-01
1.08843067064450e+01 -3.67501588101270e-01
1.11531490820940e+01 -3.58643103446150e-01
1.14286318644220e+01 -3.49998149161860e-01
1.17109190714730e+01 -3.41561578180790e-01
1.20001787725390e+01 -3.33328367503460e-01
1.22965831882200e+01 -3.25293615207820e-01
1.26003087929700e+01 -3.17452537530810e-01
1.29115364201560e+01 -3.09800466020120e-01
1.32304513697340e+01 -3.02332844754680e-01
1.35572435185660e+01 -2.95045227632160e-01
1.38921074334750e+01 -2.87933275721830e-01
1.42352424870820e+01 -2.80992754681210e-01
1.45868529765120e+01 -2.74219532235000e-01
1.49471482450320e+01 -2.67609575714850e-01
1.53163428066850e+01 -2.61158949658290e-01
1.56946564740100e+01 -2.54863813465680e-01
1.60823144889180e+01 -2.48720419113580e-01
1.64795476567940e+01 -2.42725108923180e-01
1.68865924839170e+01 -2.36874313382630e-01
1.73036913182700e+01 -2.31164549021790e-01
1.77310924938310e+01 -2.25592416338230e-01
1.81690504784280e+01 -2.20154597773230e-01
1.86178260252460e+01 -2.14847855736540e-01
1.90776863280690e+01 -2.09669030678780e-01
1.95489051803730e+01 -2.04615039210280e-01
2.00317631383280e+01 -1.99682872265330e-01
2.05265476878440e+01 -1.94869593310560e-01
2.10335534157340e+01 -1.90172336596620e-01
2.15530821851030e+01 -1.85588305451960e-01
2.20854433150750e+01 -1.81114770617700e-01
2.26309537649570e+01 -1.76749068622720e-01
2.31899383229520e+01 -1.72488600197830e-01
2.37627297995290e+01 -1.68330828728250e-01
2.43496692255770e+01 -1.64273278743290e-01
2.49511060554490e+01 -1.60313534442560e-01
2.55673983750180e+01 -1.56449238257590e-01
2.61989131148810e+01 -1.52678089448220e-01
2.68460262688190e+01 -1.48997842732720e-01
2.75091231176590e+01 -1.45406306951030e-01
2.81885984586650e+01 -1.41901343760160e-01
2.88848568405940e+01 -1.38480866361040e-01
2.95983128045560e+01 -1.35142838256110e-01
3.03293911308290e+01 -1.31885272036800e-01
3.10785270917600e+01 -1.28706228200260e-01
3.18461667109270e+01 -1.25603813994590e-01
3.26327670286870e+01 -1.22576182291980e-01
3.34387963742950e+01 -1.19621530488900e-01
3.42647346447400e+01 -1.16738099432910e-01
3.51110735904660e+01 -1.13924172375240e-01
3.59783171081500e+01 -1.11178073948710e-01
3.68669815407210e+01 -1.08498169170210e-01
3.77775959847770e+01 -1.05882862467260e-01
3.87107026056010e+01 -1.03330596728080e-01
3.96668569599600e+01 -1.00839852374430e-01
4.06466283268700e+01 -9.84091464569450e-02
4.16506000465440e+01 -9.60370317721720e-02
4.26793698676940e+01 -9.37220960009490e-02
4.37335503034260e+01 -9.14629608675210e-02
4.48137689959200e+01 -8.92582813189430e-02
4.59206690901200e+01 -8.71067447242540e-02
4.70549096166460e+01 -8.50070700929580e-02
4.82171658841770e+01 -8.29580073123430e-02
4.94081298815160e+01 -8.09583364031850e-02
5.06285106895890e+01 -7.90068667933880e-02
5.18790349036220e+01 -7.71024366091420e-02
5.31604470657420e+01 -7.52439119831580e-02
5.44735101082660e+01 -7.34301863795820e-02
5.58190058079400e+01 -7.16601799351830e-02
5.71977352513960e+01 -6.99328388164180e-02
5.86105193121050e+01 -6.82471345919960e-02
6.00581991391140e+01 -6.66020636205680e-02
6.15416366578500e+01 -6.49966464531740e-02
6.30617150832990e+01 -6.34299272500970e-02
6.46193394458570e+01 -6.19009732117660e-02
6.62154371301690e+01 -6.04088740233890e-02
6.78509584272850e+01 -5.89527413129580e-02
6.95268771004390e+01 -5.75317081223370e-02
7.12441909648190e+01 -5.61449283910770e-02
7.30039224816500e+01 -5.47915764526960e-02
7.48071193669470e+01 -5.34708465430810e-02
7.66548552153110e+01 -5.21819523207590e-02
