   1.41421353E-05    3.52665295E+00  
   1.52427503E-05    3.52663743E+00  
   1.64290209E-05    3.52662069E+00  
   1.77076134E-05    3.52660266E+00  
   1.90857126E-05    3.52658322E+00  
   2.05710627E-05    3.52656227E+00  
   2.21720105E-05    3.52653968E+00  
   2.38975524E-05    3.52651534E+00  
   2.57573851E-05    3.52648911E+00  
   2.77619597E-05    3.52646083E+00  
   2.99225408E-05    3.52643036E+00  
   3.22512696E-05    3.52639751E+00  
   3.47612323E-05    3.52636210E+00  
   3.74665334E-05    3.52632394E+00  
   4.03823752E-05    3.52628281E+00  
   4.35251431E-05    3.52623849E+00  
   4.69124977E-05    3.52619071E+00  
   5.05634739E-05    3.52613921E+00  
   5.44985882E-05    3.52608371E+00  
   5.87399537E-05    3.52602389E+00  
   6.33114045E-05    3.52595941E+00  
   6.82386296E-05    3.52588992E+00  
   7.35493170E-05    3.52581502E+00  
   7.92733100E-05    3.52573430E+00  
   8.54427741E-05    3.52564729E+00  
   9.20923782E-05    3.52555352E+00  
   9.92594894E-05    3.52545245E+00  
   1.06984383E-04    3.52534351E+00  
   1.15310467E-04    3.52522611E+00  
   1.24284532E-04    3.52509957E+00  
   1.33957005E-04    3.52496319E+00  
   1.44382241E-04    3.52481620E+00  
   1.55618823E-04    3.52465778E+00  
   1.67729894E-04    3.52448703E+00  
   1.80783513E-04    3.52430301E+00  
   1.94853033E-04    3.52410468E+00  
   2.10017516E-04    3.52389093E+00  
   2.26362179E-04    3.52366055E+00  
   2.43978869E-04    3.52341227E+00  
   2.62966582E-04    3.52314468E+00  
   2.83432018E-04    3.52285629E+00  
   3.05490182E-04    3.52254548E+00  
   3.29265028E-04    3.52221051E+00  
   3.54890157E-04    3.52184951E+00  
   3.82509567E-04    3.52146046E+00  
   4.12278465E-04    3.52104119E+00  
   4.44364134E-04    3.52058933E+00  
   4.78946877E-04    3.52010238E+00  
   5.16221031E-04    3.51957761E+00  
   5.56396055E-04    3.51901209E+00  
   5.99697710E-04    3.51840266E+00  
   6.46369326E-04    3.51774592E+00  
   6.96673172E-04    3.51703822E+00  
   7.50891926E-04    3.51627560E+00  
   8.09330268E-04    3.51545381E+00  
   8.72316587E-04    3.51456830E+00  
   9.40204832E-04    3.51361412E+00  
   1.01337650E-03    3.51258598E+00  
   1.09224276E-03    3.51147817E+00  
   1.17724681E-03    3.51028455E+00  
   1.26886632E-03    3.50899850E+00  
   1.36761614E-03    3.50761290E+00  
   1.47405119E-03    3.50612010E+00  
   1.58876958E-03    3.50451184E+00  
   1.71241595E-03    3.50277927E+00  
   1.84568512E-03    3.50091285E+00  
   1.98932600E-03    3.49890231E+00  
   2.14414577E-03    3.49673663E+00  
   2.31101442E-03    3.49440394E+00  
   2.49086966E-03    3.49189149E+00  
   2.68472219E-03    3.48918559E+00  
   2.89366132E-03    3.48627150E+00  
   3.11886120E-03    3.48313343E+00  
   3.36158731E-03    3.47975437E+00  
   3.62320364E-03    3.47611610E+00  
   3.90518032E-03    3.47219905E+00  
   4.20910190E-03    3.46798222E+00  
   4.53667625E-03    3.46344310E+00  
   4.88974416E-03    3.45855754E+00  
   5.27028965E-03    3.45329969E+00  
   5.68045119E-03    3.44764182E+00  
   6.12253365E-03    3.44155427E+00  
   6.59902127E-03    3.43500531E+00  
   7.11259167E-03    3.42796100E+00  
   7.66613079E-03    3.42038507E+00  
   8.26274924E-03    3.41223879E+00  
   8.90579965E-03    3.40348083E+00  
   9.59889561E-03    3.39406713E+00  
   1.03459319E-02    3.38395075E+00  
   1.11511065E-02    3.37308175E+00  
   1.20189440E-02    3.36140704E+00  
   1.29543212E-02    3.34887025E+00  
   1.39624943E-02    3.33541161E+00  
   1.50491287E-02    3.32096782E+00  
   1.62203307E-02    3.30547199E+00  
   1.74826818E-02    3.28885350E+00  
   1.88432757E-02    3.27103797E+00  
   2.03097580E-02    3.25194720E+00  
   2.18903698E-02    3.23149920E+00  
   2.35939930E-02    3.20960818E+00  
   2.54302011E-02    3.18618466E+00  
   2.74093125E-02    3.16113560E+00  
   2.95424487E-02    3.13436462E+00  
   3.18415967E-02    3.10577225E+00  
   3.43196765E-02    3.07525633E+00  
   3.69906135E-02    3.04271247E+00  
   3.98694167E-02    3.00803464E+00  
   4.29722635E-02    2.97111591E+00  
   4.63165901E-02    2.93184932E+00  
   4.99211897E-02    2.89012888E+00  
   5.38063181E-02    2.84585084E+00  
   5.79938075E-02    2.79891508E+00  
   6.25071893E-02    2.74922672E+00  
   6.73718260E-02    2.69669803E+00  
   7.26150543E-02    2.64125046E+00  
   7.82663381E-02    2.58281697E+00  
   8.43574344E-02    2.52134466E+00  
   9.09225717E-02    2.45679749E+00  
   9.79986423E-02    2.38915933E+00  
   1.05625410E-01    2.31843714E+00  
   1.13845732E-01    2.24466431E+00  
   1.22705803E-01    2.16790405E+00  
   1.32255412E-01    2.08825275E+00  
   1.42548220E-01    2.00584331E+00  
   1.53642069E-01    1.92084817E+00  
   1.65599300E-01    1.83348193E+00  
   1.78487104E-01    1.74400350E+00  
   1.92377905E-01    1.65271744E+00  
   2.07349761E-01    1.55997440E+00  
   2.23486805E-01    1.46617037E+00  
   2.40879719E-01    1.37174465E+00  
   2.59626240E-01    1.27717624E+00  
   2.79831714E-01    1.18297857E+00  
   3.01609683E-01    1.08969254E+00  
   3.25082528E-01    9.97877759E-01  
   3.50382152E-01    9.08102110E-01  
   3.77650726E-01    8.20929883E-01  
   4.07041483E-01    7.36908745E-01  
   4.38719583E-01    6.56555967E-01  
   4.72863038E-01    5.80344594E-01  
   5.09663716E-01    5.08690000E-01  
   5.49328415E-01    4.41937704E-01  
   5.92080029E-01    3.80353009E-01  
   6.38158798E-01    3.24113276E-01  
   6.87823657E-01    2.73303247E-01  
   7.41353696E-01    2.27913906E-01  
   7.99049722E-01    1.87844708E-01  
   8.61235956E-01    1.52909838E-01  
   9.28261848E-01    1.22847342E-01  
   1.00050405E+00    9.73312123E-02  
   1.07836851E+00    7.59853598E-02  
   1.16229279E+00    5.83988491E-02  
   1.25274851E+00    4.41414635E-02  
   1.35024395E+00    3.27786174E-02  
   1.45532701E+00    2.38852012E-02  
   1.56858818E+00    1.70572417E-02  
   1.69066392E+00    1.19214655E-02  
   1.82224024E+00    8.14214376E-03  
   1.96405652E+00    5.42537713E-03  
   2.11690968E+00    3.52078631E-03  
   2.28165868E+00    2.22098353E-03  
   2.45922931E+00    1.35913845E-03  
   2.65061941E+00    8.05095776E-04  
   2.85690449E+00    4.60558718E-04  
   3.07924376E+00    2.53801719E-04  
   3.31888663E+00    1.34376190E-04  
   3.57717977E+00    6.81617285E-05  
   3.85557463E+00    3.30246044E-05  
   4.15563564E+00    1.52339963E-05  
   4.47904897E+00    6.66765676E-06  
   4.82763201E+00    2.75875412E-06  
   5.20334362E+00    1.07476424E-06  
   5.60829506E+00    3.92573040E-07  
   6.04476195E+00    1.33825490E-07  
   6.51519698E+00    4.23649288E-08  
   7.02224373E+00    1.23874713E-08  
   7.56875151E+00    3.32607152E-09  
   8.15779138E+00    8.14885131E-10  
   8.79267343E+00    1.80921316E-10  
   9.47696532E+00    3.61299729E-11  
   1.02145124E+01    6.43749395E-12  
   1.10094592E+01    1.01445425E-12  
   1.18662730E+01    1.40055553E-13  
   1.27897685E+01    1.67676676E-14  
   1.37851353E+01    1.72166077E-15  
   1.48579667E+01    1.49811931E-16  
   1.60142914E+01    1.09062992E-17  
   1.72606075E+01    6.55113015E-19  
   1.86039183E+01    3.19869139E-20  
   2.00517726E+01    1.24920845E-21  
   2.16123066E+01    3.83493544E-23  
   2.32942895E+01    9.08247131E-25  
   2.51071731E+01    1.62634863E-26  
   2.70611447E+01    2.15422311E-28  
   2.91671847E+01    0.00000000E+00  
   3.14371278E+01    0.00000000E+00  
   3.38837297E+01    0.00000000E+00  
   3.65207390E+01    0.00000000E+00  
   3.93629741E+01    0.00000000E+00  
   4.24264069E+01    0.00000000E+00  
