0.00000000000000e+00 0.00000000000000e+00 0.00000000000000e+00
1.00000000000000e-02 9.64924610670000e-02 9.12264400800000e-03
2.00000000000000e-02 1.92853336880000e-01 1.82164356920000e-02
3.00000000000000e-02 2.88951301893333e-01 2.72526421780000e-02
4.00000000000000e-02 3.84655549225000e-01 3.62027684500000e-02
5.00000000000000e-02 4.79836048240000e-01 4.50386736460000e-02
6.00000000000000e-02 5.74363799950000e-01 5.37326842433333e-02
7.00000000000000e-02 6.68111089671429e-01 6.22577031185714e-02
8.00000000000000e-02 7.60951736075000e-01 7.05873135387500e-02
9.00000000000000e-02 8.52761336055555e-01 7.86958771711111e-02
1.00000000000000e-01 9.43417504910000e-01 8.65586252520000e-02
1.10000000000000e-01 1.03280011081818e+00 9.41517421363636e-02
1.20000000000000e-01 1.12079150358333e+00 1.01452440491667e-01
1.30000000000000e-01 1.20727673600000e+00 1.08439027538462e-01
1.40000000000000e-01 1.29214377900000e+00 1.15090961728571e-01
1.50000000000000e-01 1.37528372820000e+00 1.21388899420000e-01
1.60000000000000e-01 1.45659100243750e+00 1.27314731225000e-01
1.70000000000000e-01 1.53596353364706e+00 1.32851607682353e-01
1.80000000000000e-01 1.61330294733333e+00 1.37983954144444e-01
1.90000000000000e-01 1.68851473378947e+00 1.42697474778947e-01
2.00000000000000e-01 1.76150840885000e+00 1.46979145790000e-01
2.10000000000000e-01 1.83219766490476e+00 1.50817197885714e-01
2.20000000000000e-01 1.90050051072727e+00 1.54201088404545e-01
2.30000000000000e-01 1.96633940108696e+00 1.57121463313043e-01
2.40000000000000e-01 2.02964135458333e+00 1.59570109600000e-01
2.50000000000000e-01 2.09033806084000e+00 1.61539898708000e-01
2.60000000000000e-01 2.14836597607692e+00 1.63024721315385e-01
2.70000000000000e-01 2.20366640711111e+00 1.64019414722222e-01
2.80000000000000e-01 2.25618558375000e+00 1.64519683257143e-01
2.90000000000000e-01 2.30587471982759e+00 1.64522012689655e-01
3.00000000000000e-01 2.35269006266667e+00 1.64023579636667e-01
3.10000000000000e-01 2.39659293083871e+00 1.63022156970968e-01
3.20000000000000e-01 2.43754974053125e+00 1.61516016331250e-01
3.30000000000000e-01 2.47553202003030e+00 1.59503829763636e-01
3.40000000000000e-01 2.51051641532353e+00 1.56984567470588e-01
3.50000000000000e-01 2.54248468074286e+00 1.53957401714286e-01
3.60000000000000e-01 2.57142366316667e+00 1.50421605372222e-01
3.70000000000000e-01 2.59732527191892e+00 1.46376460978378e-01
3.80000000000000e-01 2.62018644126316e+00 1.41821166702632e-01
3.90000000000000e-01 2.64000908128205e+00 1.36754751823077e-01
4.00000000000000e-01 2.65680001900000e+00 1.31175997967500e-01
4.10000000000000e-01 2.67057093170732e+00 1.25083366643902e-01
4.20000000000000e-01 2.68133826976190e+00 1.18474935635714e-01
4.30000000000000e-01 2.68912317046512e+00 1.11348344751163e-01
4.40000000000000e-01 2.69395136613636e+00 1.03700751829545e-01
4.50000000000000e-01 2.69585308066667e+00 9.55287997888889e-02
4.60000000000000e-01 2.69486292239130e+00 8.68285954500000e-02
4.70000000000000e-01 2.69101976595745e+00 7.75957008127660e-02
4.80000000000000e-01 2.68436663187500e+00 6.78251373000000e-02
4.90000000000000e-01 2.67495056000000e+00 5.75114046795918e-02
5.00000000000000e-01 2.66282246520000e+00 4.66485070160000e-02
5.10000000000000e-01 2.64803700529412e+00 3.52300028058824e-02
5.20000000000000e-01 2.63065244173077e+00 2.32490624846154e-02
5.30000000000000e-01 2.61073047283019e+00 1.06985379803774e-02
5.40000000000000e-01 2.58833609277778e+00 -2.42894806055556e-03
5.50000000000000e-01 2.56353744072727e+00 -1.61409070245455e-02
5.60000000000000e-01 2.53640561035714e+00 -3.04448665821429e-02
5.70000000000000e-01 2.50701453543860e+00 -4.53482584701754e-02
5.80000000000000e-01 2.47544076051724e+00 -6.08582654000000e-02
5.90000000000000e-01 2.44176334050847e+00 -7.69816990694915e-02
6.00000000000000e-01 2.40606360916667e+00 -9.37248205366667e-02
6.10000000000000e-01 2.36842504459016e+00 -1.11093193362295e-01
6.20000000000000e-01 2.32893310451613e+00 -1.29091518537097e-01
6.30000000000000e-01 2.28767499190476e+00 -1.47723423166667e-01
6.40000000000000e-01 2.24473956312500e+00 -1.66991327953125e-01
6.50000000000000e-01 2.20021710753846e+00 -1.86896236492308e-01
6.60000000000000e-01 2.15419914712121e+00 -2.07437529000000e-01
6.70000000000000e-01 2.10677831701493e+00 -2.28612815328358e-01
6.80000000000000e-01 2.05804820250000e+00 -2.50417761970588e-01
6.90000000000000e-01 2.00810307347826e+00 -2.72845837855072e-01
7.00000000000000e-01 1.95703779114286e+00 -2.95888199428571e-01
7.10000000000000e-01 1.90494762535211e+00 -3.19533513183099e-01
7.20000000000000e-01 1.85192808125000e+00 -3.43767790916667e-01
7.30000000000000e-01 1.79807476342466e+00 -3.68574266287671e-01
7.40000000000000e-01 1.74348310797297e+00 -3.93933169662162e-01
7.50000000000000e-01 1.68824832133333e+00 -4.19821689026667e-01
7.60000000000000e-01 1.63246518802632e+00 -4.46213833236842e-01
7.70000000000000e-01 1.57622791103896e+00 -4.73080338077922e-01
7.80000000000000e-01 1.51962995641026e+00 -5.00388590525641e-01
7.90000000000000e-01 1.46276389924051e+00 -5.28102572316456e-01
8.00000000000000e-01 1.40572127450000e+00 -5.56182824000000e-01
8.10000000000000e-01 1.34859242888889e+00 -5.84586430814815e-01
8.20000000000000e-01 1.29146637731707e+00 -6.13267030975610e-01
8.30000000000000e-01 1.23443066265060e+00 -6.42174847554217e-01
8.40000000000000e-01 1.17757121838095e+00 -6.71256744357143e-01
8.50000000000000e-01 1.12097223565882e+00 -7.00456306529412e-01
8.60000000000000e-01 1.06471603351163e+00 -7.29713946046512e-01
8.70000000000000e-01 1.00888293334483e+00 -7.58967032528736e-01
8.80000000000000e-01 9.53551137465909e-01 -7.88150049295455e-01
8.90000000000000e-01 8.98796611775281e-01 -8.17194774460674e-01
9.00000000000000e-01 8.44692972933333e-01 -8.46030487022222e-01
9.10000000000000e-01 7.91311380065934e-01 -8.74584197131868e-01
9.20000000000000e-01 7.38720431239130e-01 -9.02780900032609e-01
9.30000000000000e-01 6.86986064967742e-01 -9.30543852763441e-01
9.40000000000000e-01 6.36171466840426e-01 -9.57794872287234e-01
9.50000000000000e-01 5.86336981526316e-01 -9.84454653789474e-01
9.60000000000000e-01 5.37540030427083e-01 -1.01044310747917e+00
9.70000000000000e-01 4.89835045350515e-01 -1.03567970226804e+00
9.80000000000000e-01 4.43273456122449e-01 -1.06008376051020e+00
9.90000000000000e-01 3.97903386070707e-01 -1.08357508383838e+00
1.00000000000000e+00 3.53769838360000e-01 -1.10607413560000e+00
1.01000000000000e+00 3.10914564782178e-01 -1.12750250643564e+00
1.02000000000000e+00 2.69376020372549e-01 -1.14778332264706e+00
1.03000000000000e+00 2.29189324902913e-01 -1.16684165757282e+00
1.04000000000000e+00 1.90386365298077e-01 -1.18460465721154e+00
1.05000000000000e+00 1.52995356952381e-01 -1.20100275609524e+00
1.06000000000000e+00 1.17041193518868e-01 -1.21596945320755e+00
1.07000000000000e+00 8.25453547925234e-02 -1.22944183420561e+00
1.08000000000000e+00 4.95258981324074e-02 -1.24136095953704e+00
1.09000000000000e+00 1.79976018431193e-02 -1.25167177256881e+00
1.10000000000000e+00 -1.20285493409091e-02 -1.26032506109091e+00
1.11000000000000e+00 -4.05448076054054e-02 -1.26727631873874e+00
1.12000000000000e+00 -6.75467979482143e-02 -1.27248648348214e+00
1.13000000000000e+00 -9.30333391858407e-02 -1.27592157477876e+00
1.14000000000000e+00 -1.17006891166667e-01 -1.27755496122807e+00
1.15000000000000e+00 -1.39473074895652e-01 -1.27736606982609e+00
1.16000000000000e+00 -1.60440662629310e-01 -1.27534065836207e+00
1.17000000000000e+00 -1.79921459598291e-01 -1.27147044632479e+00
1.18000000000000e+00 -1.97930690076271e-01 -1.26575606796610e+00
1.19000000000000e+00 -2.14486390638655e-01 -1.25820435344538e+00
1.20000000000000e+00 -2.29609432950000e-01 -1.24882855241667e+00
1.21000000000000e+00 -2.43323668099174e-01 -1.23765017057851e+00
1.22000000000000e+00 -2.55655663540984e-01 -1.22469834844262e+00
1.23000000000000e+00 -2.66634513243902e-01 -1.21000846284553e+00
1.24000000000000e+00 -2.76291885250000e-01 -1.19362320137097e+00
1.25000000000000e+00 -2.84661834712000e-01 -1.17559357888000e+00
1.26000000000000e+00 -2.91780620015873e-01 -1.15597626896825e+00
1.27000000000000e+00 -2.97686722488189e-01 -1.13483458456693e+00
1.28000000000000e+00 -3.02420460617187e-01 -1.11223962312500e+00
1.29000000000000e+00 -3.06024065976744e-01 -1.08826733596899e+00
1.30000000000000e+00 -3.08541570430769e-01 -1.06299977038462e+00
1.31000000000000e+00 -3.10018197259542e-01 -1.03652503427481e+00
1.32000000000000e+00 -3.10500877750000e-01 -1.00893528265152e+00
1.33000000000000e+00 -3.10037640548872e-01 -9.80327790601504e-01
1.34000000000000e+00 -3.08677176388060e-01 -9.50803432014925e-01
1.35000000000000e+00 -3.06469805651852e-01 -9.20466656222222e-01
1.36000000000000e+00 -3.03465679955882e-01 -8.89424499117647e-01
1.37000000000000e+00 -2.99715675204380e-01 -8.57785705474452e-01
1.38000000000000e+00 -2.95271703630435e-01 -8.25661775072464e-01
1.39000000000000e+00 -2.90184329093525e-01 -7.93162494532374e-01
1.40000000000000e+00 -2.84505532478571e-01 -7.60399899928571e-01
1.41000000000000e+00 -2.78286095666667e-01 -7.27483643120567e-01
1.42000000000000e+00 -2.71576213492958e-01 -6.94520760190141e-01
1.43000000000000e+00 -2.64426908657343e-01 -6.61619572328671e-01
1.44000000000000e+00 -2.56885872555556e-01 -6.28878289819444e-01
1.45000000000000e+00 -2.49002456848276e-01 -5.96397822627586e-01
1.46000000000000e+00 -2.40822616952055e-01 -5.64267741821918e-01
1.47000000000000e+00 -2.32391933659864e-01 -5.32573843503401e-01
1.48000000000000e+00 -2.23754853304054e-01 -5.01396536506757e-01
1.49000000000000e+00 -2.14951997208054e-01 -4.70800662335570e-01
1.50000000000000e+00 -2.06025696473333e-01 -4.40854642760000e-01
1.51000000000000e+00 -1.97011358470199e-01 -4.11599484443709e-01
1.52000000000000e+00 -1.87946924638158e-01 -3.83082425598684e-01
1.53000000000000e+00 -1.78863666372549e-01 -3.55322683366013e-01
1.54000000000000e+00 -1.69793310824675e-01 -3.28338123662338e-01
1.55000000000000e+00 -1.60762780845161e-01 -3.02122694051613e-01
1.56000000000000e+00 -1.51797601083333e-01 -2.76670110660256e-01
1.57000000000000e+00 -1.42921352305732e-01 -2.51964743904459e-01
1.58000000000000e+00 -1.34155322075949e-01 -2.27999547784810e-01
1.59000000000000e+00 -1.25521109100629e-01 -2.04766867301887e-01
1.60000000000000e+00 -1.17036666925000e-01 -1.82265998368750e-01
1.61000000000000e+00 -1.08721338192547e-01 -1.60494302515528e-01
1.62000000000000e+00 -1.00589943462963e-01 -1.39455491617284e-01
1.63000000000000e+00 -9.26594454171779e-02 -1.19150703325153e-01
1.64000000000000e+00 -8.49417522317073e-02 -9.95860714512195e-02
1.65000000000000e+00 -7.74512577939394e-02 -8.07655244000000e-02
1.66000000000000e+00 -7.01972751746988e-02 -6.26958986807229e-02
1.67000000000000e+00 -6.31914927904192e-02 -4.53827495017964e-02
1.68000000000000e+00 -5.64408295660714e-02 -2.88323569750000e-02
1.69000000000000e+00 -4.99543659366864e-02 -1.30506580964497e-02
1.70000000000000e+00 -4.37366562417647e-02 1.95761355700000e-03
1.71000000000000e+00 -3.77943440836257e-02 1.61872068578947e-02
1.72000000000000e+00 -3.21296817802326e-02 2.96358284744186e-02
1.73000000000000e+00 -2.67470472398844e-02 4.22997488612717e-02
1.74000000000000e+00 -2.16465672316092e-02 5.41797700442529e-02
1.75000000000000e+00 -1.68302969000000e-02 6.52746271142857e-02
1.76000000000000e+00 -1.22966249823864e-02 7.55883954204545e-02
1.77000000000000e+00 -8.04530420564972e-03 8.51231286666667e-02
1.78000000000000e+00 -4.07323009146067e-03 9.38861939887640e-02
1.79000000000000e+00 -3.77986787245810e-04 1.01883607000000e-01
1.80000000000000e+00 3.04482705283333e-03 1.09125920300000e-01
1.81000000000000e+00 6.19960093314917e-03 1.15623527596685e-01
1.82000000000000e+00 9.09186996978022e-03 1.21389981203297e-01
1.83000000000000e+00 1.17277427748634e-02 1.26440195076503e-01
1.84000000000000e+00 1.41137704907609e-02 1.30790539972826e-01
1.85000000000000e+00 1.62574630016216e-02 1.34460265935135e-01
1.86000000000000e+00 1.81663209155914e-02 1.37468462688172e-01
1.87000000000000e+00 1.98488798422460e-02 1.39838176181818e-01
1.88000000000000e+00 2.13135689042553e-02 1.41591245398936e-01
1.89000000000000e+00 2.25695461767196e-02 1.42753491296296e-01
1.90000000000000e+00 2.36261414473684e-02 1.43350078705263e-01
1.91000000000000e+00 2.44928546554974e-02 1.43408310000000e-01
1.92000000000000e+00 2.51795847989583e-02 1.42956219119792e-01
1.93000000000000e+00 2.56962198227979e-02 1.42022512860104e-01
1.94000000000000e+00 2.60527468623711e-02 1.40636843139175e-01
1.95000000000000e+00 2.62595528723077e-02 1.38829615907692e-01
1.96000000000000e+00 2.63263004709184e-02 1.36630704255102e-01
1.97000000000000e+00 2.62637520086294e-02 1.34072176949239e-01
1.98000000000000e+00 2.60812983702020e-02 1.31183656595960e-01
1.99000000000000e+00 2.57892903261307e-02 1.27997079527638e-01
2.00000000000000e+00 2.53974020465000e-02 1.24542904830000e-01
2.01000000000000e+00 2.49149255313433e-02 1.20850886766169e-01
2.02000000000000e+00 2.43520336544554e-02 1.16953100000000e-01
2.03000000000000e+00 2.37168379758621e-02 1.12876240172414e-01
2.04000000000000e+00 2.30191902558824e-02 1.08651887696078e-01
2.05000000000000e+00 2.22669735078049e-02 1.04306012658537e-01
2.06000000000000e+00 2.14685182218447e-02 9.98659887912621e-02
2.07000000000000e+00 2.06322848082126e-02 9.53595517971015e-02
2.08000000000000e+00 1.97647639923077e-02 9.08084409375000e-02
2.09000000000000e+00 1.88744074100478e-02 8.62405442200957e-02
2.10000000000000e+00 1.79669332061905e-02 8.16750084857143e-02
2.11000000000000e+00 1.70489900402844e-02 7.71340080758294e-02
2.12000000000000e+00 1.61270546683962e-02 7.26391011933962e-02
2.13000000000000e+00 1.52055993178404e-02 6.82051730751174e-02
2.14000000000000e+00 1.42910510457944e-02 6.38536784813084e-02
2.15000000000000e+00 1.33871384362791e-02 5.95968210139535e-02
2.16000000000000e+00 1.24982437833333e-02 5.54490368240741e-02
2.17000000000000e+00 1.16290226161290e-02 5.14256625760369e-02
2.18000000000000e+00 1.07817880027523e-02 4.75338069954128e-02
2.19000000000000e+00 9.96060120410959e-03 4.37867067356164e-02
2.20000000000000e+00 9.16768408409091e-03 4.01910151786364e-02
2.21000000000000e+00 8.40491429095023e-03 3.67521251117647e-02
2.22000000000000e+00 7.67542542117117e-03 3.34798934770270e-02
2.23000000000000e+00 6.97957316367713e-03 3.03741407995516e-02
2.24000000000000e+00 6.31906064687500e-03 2.74395040928571e-02
2.25000000000000e+00 5.69508000088889e-03 2.46787336333333e-02
2.26000000000000e+00 5.10753258672566e-03 2.20898738862832e-02
2.27000000000000e+00 4.55745590352423e-03 1.96750285334802e-02
2.28000000000000e+00 4.04451861635965e-03 1.74313347206140e-02
2.29000000000000e+00 3.56824328947598e-03 1.53553643113537e-02
2.30000000000000e+00 3.12895786595652e-03 1.34465107513043e-02
2.31000000000000e+00 2.72529587848485e-03 1.16981393774892e-02
2.32000000000000e+00 2.35654570051724e-03 1.01058705146552e-02
2.33000000000000e+00 2.02198521257511e-03 8.66524554248927e-03
2.34000000000000e+00 1.72003110217949e-03 7.36885636880342e-03
2.35000000000000e+00 1.44953505719149e-03 6.21066509489362e-03
2.36000000000000e+00 1.20910074487288e-03 5.18384014915254e-03
2.37000000000000e+00 9.97007150464135e-04 4.28052821223629e-03
2.38000000000000e+00 8.11726470966387e-04 3.49328086785714e-03
2.39000000000000e+00 6.51528652928870e-04 2.81424501778243e-03
2.40000000000000e+00 5.14607324958333e-04 2.23534894829167e-03
2.41000000000000e+00 3.99143105535270e-04 1.74810979883817e-03
2.42000000000000e+00 3.03331655599174e-04 1.34467943995868e-03
2.43000000000000e+00 2.25328688888889e-04 1.01697352806584e-03
2.44000000000000e+00 1.63128771118852e-04 7.55925571680328e-04
2.45000000000000e+00 1.15017053236735e-04 5.54320862244898e-04
2.46000000000000e+00 7.91563772154472e-05 4.04253088930894e-04
2.47000000000000e+00 5.34680333927125e-05 2.96555628433198e-04
2.48000000000000e+00 3.63937656596774e-05 2.24861597750000e-04
2.49000000000000e+00 2.61614264751004e-05 1.81863820606426e-04
2.50000000000000e+00 2.11482306756000e-05 1.63297013432000e-04
2.51000000000000e+00 1.91244584215139e-05 1.54599808756972e-04
2.52000000000000e+00 1.77352229845238e-05 1.42771434825397e-04
2.53000000000000e+00 1.14534017304348e-05 9.40245020395257e-05
2.54000000000000e+00 5.14349128267717e-06 4.28394775157480e-05
2.55000000000000e+00 -8.48478966509804e-08 -6.81996529411765e-07
2.56000000000000e+00 -1.17289539859375e-06 -9.42758303710938e-06
2.57000000000000e+00 -9.35863853112841e-07 -7.52235382373541e-06
2.58000000000000e+00 -1.78719914856589e-08 -1.43652779240310e-07
2.59000000000000e+00 0.00000000000000e+00 0.00000000000000e+00
2.60000000000000e+00 0.00000000000000e+00 0.00000000000000e+00
2.61000000000000e+00 0.00000000000000e+00 0.00000000000000e+00
2.62000000000000e+00 0.00000000000000e+00 0.00000000000000e+00
2.63000000000000e+00 0.00000000000000e+00 0.00000000000000e+00
2.64000000000000e+00 0.00000000000000e+00 0.00000000000000e+00
2.65000000000000e+00 0.00000000000000e+00 0.00000000000000e+00
2.66000000000000e+00 0.00000000000000e+00 0.00000000000000e+00
2.67000000000000e+00 0.00000000000000e+00 0.00000000000000e+00
2.68000000000000e+00 0.00000000000000e+00 0.00000000000000e+00
2.69000000000000e+00 0.00000000000000e+00 0.00000000000000e+00
2.70000000000000e+00 0.00000000000000e+00 0.00000000000000e+00
2.71000000000000e+00 0.00000000000000e+00 0.00000000000000e+00
2.72000000000000e+00 0.00000000000000e+00 0.00000000000000e+00
2.73000000000000e+00 0.00000000000000e+00 0.00000000000000e+00
2.74000000000000e+00 0.00000000000000e+00 0.00000000000000e+00
2.75000000000000e+00 0.00000000000000e+00 0.00000000000000e+00
2.76000000000000e+00 0.00000000000000e+00 0.00000000000000e+00
2.77000000000000e+00 0.00000000000000e+00 0.00000000000000e+00
2.78000000000000e+00 0.00000000000000e+00 0.00000000000000e+00
2.79000000000000e+00 0.00000000000000e+00 0.00000000000000e+00
2.80000000000000e+00 0.00000000000000e+00 0.00000000000000e+00
2.81000000000000e+00 0.00000000000000e+00 0.00000000000000e+00
2.82000000000000e+00 0.00000000000000e+00 0.00000000000000e+00
2.83000000000000e+00 0.00000000000000e+00 0.00000000000000e+00
2.84000000000000e+00 0.00000000000000e+00 0.00000000000000e+00
2.85000000000000e+00 0.00000000000000e+00 0.00000000000000e+00
2.86000000000000e+00 0.00000000000000e+00 0.00000000000000e+00
2.87000000000000e+00 0.00000000000000e+00 0.00000000000000e+00
2.88000000000000e+00 0.00000000000000e+00 0.00000000000000e+00
2.89000000000000e+00 0.00000000000000e+00 0.00000000000000e+00
2.90000000000000e+00 0.00000000000000e+00 0.00000000000000e+00
2.91000000000000e+00 0.00000000000000e+00 0.00000000000000e+00
2.92000000000000e+00 0.00000000000000e+00 0.00000000000000e+00
2.93000000000000e+00 0.00000000000000e+00 0.00000000000000e+00
2.94000000000000e+00 0.00000000000000e+00 0.00000000000000e+00
2.95000000000000e+00 0.00000000000000e+00 0.00000000000000e+00
2.96000000000000e+00 0.00000000000000e+00 0.00000000000000e+00
2.97000000000000e+00 0.00000000000000e+00 0.00000000000000e+00
2.98000000000000e+00 0.00000000000000e+00 0.00000000000000e+00
2.99000000000000e+00 0.00000000000000e+00 0.00000000000000e+00
3.00000000000000e+00 0.00000000000000e+00 0.00000000000000e+00
3.01000000000000e+00 0.00000000000000e+00 0.00000000000000e+00
3.02000000000000e+00 0.00000000000000e+00 0.00000000000000e+00
3.03000000000000e+00 0.00000000000000e+00 0.00000000000000e+00
3.04000000000000e+00 0.00000000000000e+00 0.00000000000000e+00
3.05000000000000e+00 0.00000000000000e+00 0.00000000000000e+00
3.06000000000000e+00 0.00000000000000e+00 0.00000000000000e+00
3.07000000000000e+00 0.00000000000000e+00 0.00000000000000e+00
3.08000000000000e+00 0.00000000000000e+00 0.00000000000000e+00
3.09000000000000e+00 0.00000000000000e+00 0.00000000000000e+00
3.10000000000000e+00 0.00000000000000e+00 0.00000000000000e+00
3.11000000000000e+00 0.00000000000000e+00 0.00000000000000e+00
3.12000000000000e+00 0.00000000000000e+00 0.00000000000000e+00
3.13000000000000e+00 0.00000000000000e+00 0.00000000000000e+00
3.14000000000000e+00 0.00000000000000e+00 0.00000000000000e+00
3.15000000000000e+00 0.00000000000000e+00 0.00000000000000e+00
3.16000000000000e+00 0.00000000000000e+00 0.00000000000000e+00
3.17000000000000e+00 0.00000000000000e+00 0.00000000000000e+00
3.18000000000000e+00 0.00000000000000e+00 0.00000000000000e+00
3.19000000000000e+00 0.00000000000000e+00 0.00000000000000e+00
3.20000000000000e+00 0.00000000000000e+00 0.00000000000000e+00
3.21000000000000e+00 0.00000000000000e+00 0.00000000000000e+00
3.22000000000000e+00 0.00000000000000e+00 0.00000000000000e+00
3.23000000000000e+00 0.00000000000000e+00 0.00000000000000e+00
3.24000000000000e+00 0.00000000000000e+00 0.00000000000000e+00
3.25000000000000e+00 0.00000000000000e+00 0.00000000000000e+00
3.26000000000000e+00 0.00000000000000e+00 0.00000000000000e+00
3.27000000000000e+00 0.00000000000000e+00 0.00000000000000e+00
3.28000000000000e+00 0.00000000000000e+00 0.00000000000000e+00
3.29000000000000e+00 0.00000000000000e+00 0.00000000000000e+00
3.30000000000000e+00 0.00000000000000e+00 0.00000000000000e+00
3.31000000000000e+00 0.00000000000000e+00 0.00000000000000e+00
3.32000000000000e+00 0.00000000000000e+00 0.00000000000000e+00
3.33000000000000e+00 0.00000000000000e+00 0.00000000000000e+00
3.34000000000000e+00 0.00000000000000e+00 0.00000000000000e+00
3.35000000000000e+00 0.00000000000000e+00 0.00000000000000e+00
3.36000000000000e+00 0.00000000000000e+00 0.00000000000000e+00
3.37000000000000e+00 0.00000000000000e+00 0.00000000000000e+00
3.38000000000000e+00 0.00000000000000e+00 0.00000000000000e+00
3.39000000000000e+00 0.00000000000000e+00 0.00000000000000e+00
3.40000000000000e+00 0.00000000000000e+00 0.00000000000000e+00
3.41000000000000e+00 0.00000000000000e+00 0.00000000000000e+00
3.42000000000000e+00 0.00000000000000e+00 0.00000000000000e+00
3.43000000000000e+00 0.00000000000000e+00 0.00000000000000e+00
3.44000000000000e+00 0.00000000000000e+00 0.00000000000000e+00
3.45000000000000e+00 0.00000000000000e+00 0.00000000000000e+00
3.46000000000000e+00 0.00000000000000e+00 0.00000000000000e+00
3.47000000000000e+00 0.00000000000000e+00 0.00000000000000e+00
3.48000000000000e+00 0.00000000000000e+00 0.00000000000000e+00
3.49000000000000e+00 0.00000000000000e+00 0.00000000000000e+00
3.50000000000000e+00 0.00000000000000e+00 0.00000000000000e+00
3.51000000000000e+00 0.00000000000000e+00 0.00000000000000e+00
3.52000000000000e+00 0.00000000000000e+00 0.00000000000000e+00
3.53000000000000e+00 0.00000000000000e+00 0.00000000000000e+00
3.54000000000000e+00 0.00000000000000e+00 0.00000000000000e+00
3.55000000000000e+00 0.00000000000000e+00 0.00000000000000e+00
3.56000000000000e+00 0.00000000000000e+00 0.00000000000000e+00
3.57000000000000e+00 0.00000000000000e+00 0.00000000000000e+00
3.58000000000000e+00 0.00000000000000e+00 0.00000000000000e+00
3.59000000000000e+00 0.00000000000000e+00 0.00000000000000e+00
3.60000000000000e+00 0.00000000000000e+00 0.00000000000000e+00
3.61000000000000e+00 0.00000000000000e+00 0.00000000000000e+00
3.62000000000000e+00 0.00000000000000e+00 0.00000000000000e+00
3.63000000000000e+00 0.00000000000000e+00 0.00000000000000e+00
3.64000000000000e+00 0.00000000000000e+00 0.00000000000000e+00
3.65000000000000e+00 0.00000000000000e+00 0.00000000000000e+00
3.66000000000000e+00 0.00000000000000e+00 0.00000000000000e+00
3.67000000000000e+00 0.00000000000000e+00 0.00000000000000e+00
3.68000000000000e+00 0.00000000000000e+00 0.00000000000000e+00
3.69000000000000e+00 0.00000000000000e+00 0.00000000000000e+00
3.70000000000000e+00 0.00000000000000e+00 0.00000000000000e+00
3.71000000000000e+00 0.00000000000000e+00 0.00000000000000e+00
3.72000000000000e+00 0.00000000000000e+00 0.00000000000000e+00
3.73000000000000e+00 0.00000000000000e+00 0.00000000000000e+00
3.74000000000000e+00 0.00000000000000e+00 0.00000000000000e+00
3.75000000000000e+00 0.00000000000000e+00 0.00000000000000e+00
3.76000000000000e+00 0.00000000000000e+00 0.00000000000000e+00
3.77000000000000e+00 0.00000000000000e+00 0.00000000000000e+00
3.78000000000000e+00 0.00000000000000e+00 0.00000000000000e+00
3.79000000000000e+00 0.00000000000000e+00 0.00000000000000e+00
3.80000000000000e+00 0.00000000000000e+00 0.00000000000000e+00
3.81000000000000e+00 0.00000000000000e+00 0.00000000000000e+00
3.82000000000000e+00 0.00000000000000e+00 0.00000000000000e+00
3.83000000000000e+00 0.00000000000000e+00 0.00000000000000e+00
3.84000000000000e+00 0.00000000000000e+00 0.00000000000000e+00
3.85000000000000e+00 0.00000000000000e+00 0.00000000000000e+00
3.86000000000000e+00 0.00000000000000e+00 0.00000000000000e+00
3.87000000000000e+00 0.00000000000000e+00 0.00000000000000e+00
3.88000000000000e+00 0.00000000000000e+00 0.00000000000000e+00
3.89000000000000e+00 0.00000000000000e+00 0.00000000000000e+00
3.90000000000000e+00 0.00000000000000e+00 0.00000000000000e+00
3.91000000000000e+00 0.00000000000000e+00 0.00000000000000e+00
3.92000000000000e+00 0.00000000000000e+00 0.00000000000000e+00
3.93000000000000e+00 0.00000000000000e+00 0.00000000000000e+00
3.94000000000000e+00 0.00000000000000e+00 0.00000000000000e+00
3.95000000000000e+00 0.00000000000000e+00 0.00000000000000e+00
3.96000000000000e+00 0.00000000000000e+00 0.00000000000000e+00
3.97000000000000e+00 0.00000000000000e+00 0.00000000000000e+00
3.98000000000000e+00 0.00000000000000e+00 0.00000000000000e+00
3.99000000000000e+00 0.00000000000000e+00 0.00000000000000e+00
4.00000000000000e+00 0.00000000000000e+00 0.00000000000000e+00
4.01000000000000e+00 0.00000000000000e+00 0.00000000000000e+00
4.02000000000000e+00 0.00000000000000e+00 0.00000000000000e+00
4.03000000000000e+00 0.00000000000000e+00 0.00000000000000e+00
4.04000000000000e+00 0.00000000000000e+00 0.00000000000000e+00
4.05000000000000e+00 0.00000000000000e+00 0.00000000000000e+00
4.06000000000000e+00 0.00000000000000e+00 0.00000000000000e+00
4.07000000000000e+00 0.00000000000000e+00 0.00000000000000e+00
4.08000000000000e+00 0.00000000000000e+00 0.00000000000000e+00
4.09000000000000e+00 0.00000000000000e+00 0.00000000000000e+00
4.10000000000000e+00 0.00000000000000e+00 0.00000000000000e+00
4.11000000000000e+00 0.00000000000000e+00 0.00000000000000e+00
4.12000000000000e+00 0.00000000000000e+00 0.00000000000000e+00
4.13000000000000e+00 0.00000000000000e+00 0.00000000000000e+00
4.14000000000000e+00 0.00000000000000e+00 0.00000000000000e+00
4.15000000000000e+00 0.00000000000000e+00 0.00000000000000e+00
4.16000000000000e+00 0.00000000000000e+00 0.00000000000000e+00
4.17000000000000e+00 0.00000000000000e+00 0.00000000000000e+00
4.18000000000000e+00 0.00000000000000e+00 0.00000000000000e+00
4.19000000000000e+00 0.00000000000000e+00 0.00000000000000e+00
4.20000000000000e+00 0.00000000000000e+00 0.00000000000000e+00
4.21000000000000e+00 0.00000000000000e+00 0.00000000000000e+00
4.22000000000000e+00 0.00000000000000e+00 0.00000000000000e+00
4.23000000000000e+00 0.00000000000000e+00 0.00000000000000e+00
4.24000000000000e+00 0.00000000000000e+00 0.00000000000000e+00
4.25000000000000e+00 0.00000000000000e+00 0.00000000000000e+00
4.26000000000000e+00 0.00000000000000e+00 0.00000000000000e+00
4.27000000000000e+00 0.00000000000000e+00 0.00000000000000e+00
4.28000000000000e+00 0.00000000000000e+00 0.00000000000000e+00
4.29000000000000e+00 0.00000000000000e+00 0.00000000000000e+00
4.30000000000000e+00 0.00000000000000e+00 0.00000000000000e+00
4.31000000000000e+00 0.00000000000000e+00 0.00000000000000e+00
4.32000000000000e+00 0.00000000000000e+00 0.00000000000000e+00
4.33000000000000e+00 0.00000000000000e+00 0.00000000000000e+00
4.34000000000000e+00 0.00000000000000e+00 0.00000000000000e+00
4.35000000000000e+00 0.00000000000000e+00 0.00000000000000e+00
4.36000000000000e+00 0.00000000000000e+00 0.00000000000000e+00
4.37000000000000e+00 0.00000000000000e+00 0.00000000000000e+00
4.38000000000000e+00 0.00000000000000e+00 0.00000000000000e+00
4.39000000000000e+00 0.00000000000000e+00 0.00000000000000e+00
4.40000000000000e+00 0.00000000000000e+00 0.00000000000000e+00
4.41000000000000e+00 0.00000000000000e+00 0.00000000000000e+00
4.42000000000000e+00 0.00000000000000e+00 0.00000000000000e+00
4.43000000000000e+00 0.00000000000000e+00 0.00000000000000e+00
4.44000000000000e+00 0.00000000000000e+00 0.00000000000000e+00
4.45000000000000e+00 0.00000000000000e+00 0.00000000000000e+00
4.46000000000000e+00 0.00000000000000e+00 0.00000000000000e+00
4.47000000000000e+00 0.00000000000000e+00 0.00000000000000e+00
4.48000000000000e+00 0.00000000000000e+00 0.00000000000000e+00
4.49000000000000e+00 0.00000000000000e+00 0.00000000000000e+00
4.50000000000000e+00 0.00000000000000e+00 0.00000000000000e+00
4.51000000000000e+00 0.00000000000000e+00 0.00000000000000e+00
4.52000000000000e+00 0.00000000000000e+00 0.00000000000000e+00
4.53000000000000e+00 0.00000000000000e+00 0.00000000000000e+00
4.54000000000000e+00 0.00000000000000e+00 0.00000000000000e+00
4.55000000000000e+00 0.00000000000000e+00 0.00000000000000e+00
4.56000000000000e+00 0.00000000000000e+00 0.00000000000000e+00
4.57000000000000e+00 0.00000000000000e+00 0.00000000000000e+00
4.58000000000000e+00 0.00000000000000e+00 0.00000000000000e+00
4.59000000000000e+00 0.00000000000000e+00 0.00000000000000e+00
4.60000000000000e+00 0.00000000000000e+00 0.00000000000000e+00
4.61000000000000e+00 0.00000000000000e+00 0.00000000000000e+00
4.62000000000000e+00 0.00000000000000e+00 0.00000000000000e+00
4.63000000000000e+00 0.00000000000000e+00 0.00000000000000e+00
4.64000000000000e+00 0.00000000000000e+00 0.00000000000000e+00
4.65000000000000e+00 0.00000000000000e+00 0.00000000000000e+00
4.66000000000000e+00 0.00000000000000e+00 0.00000000000000e+00
4.67000000000000e+00 0.00000000000000e+00 0.00000000000000e+00
4.68000000000000e+00 0.00000000000000e+00 0.00000000000000e+00
4.69000000000000e+00 0.00000000000000e+00 0.00000000000000e+00
4.70000000000000e+00 0.00000000000000e+00 0.00000000000000e+00
4.71000000000000e+00 0.00000000000000e+00 0.00000000000000e+00
4.72000000000000e+00 0.00000000000000e+00 0.00000000000000e+00
4.73000000000000e+00 0.00000000000000e+00 0.00000000000000e+00
4.74000000000000e+00 0.00000000000000e+00 0.00000000000000e+00
4.75000000000000e+00 0.00000000000000e+00 0.00000000000000e+00
4.76000000000000e+00 0.00000000000000e+00 0.00000000000000e+00
4.77000000000000e+00 0.00000000000000e+00 0.00000000000000e+00
4.78000000000000e+00 0.00000000000000e+00 0.00000000000000e+00
4.79000000000000e+00 0.00000000000000e+00 0.00000000000000e+00
4.80000000000000e+00 0.00000000000000e+00 0.00000000000000e+00
4.81000000000000e+00 0.00000000000000e+00 0.00000000000000e+00
4.82000000000000e+00 0.00000000000000e+00 0.00000000000000e+00
4.83000000000000e+00 0.00000000000000e+00 0.00000000000000e+00
4.84000000000000e+00 0.00000000000000e+00 0.00000000000000e+00
4.85000000000000e+00 0.00000000000000e+00 0.00000000000000e+00
4.86000000000000e+00 0.00000000000000e+00 0.00000000000000e+00
4.87000000000000e+00 0.00000000000000e+00 0.00000000000000e+00
4.88000000000000e+00 0.00000000000000e+00 0.00000000000000e+00
4.89000000000000e+00 0.00000000000000e+00 0.00000000000000e+00
4.90000000000000e+00 0.00000000000000e+00 0.00000000000000e+00
4.91000000000000e+00 0.00000000000000e+00 0.00000000000000e+00
4.92000000000000e+00 0.00000000000000e+00 0.00000000000000e+00
4.93000000000000e+00 0.00000000000000e+00 0.00000000000000e+00
4.94000000000000e+00 0.00000000000000e+00 0.00000000000000e+00
4.95000000000000e+00 0.00000000000000e+00 0.00000000000000e+00
4.96000000000000e+00 0.00000000000000e+00 0.00000000000000e+00
4.97000000000000e+00 0.00000000000000e+00 0.00000000000000e+00
4.98000000000000e+00 0.00000000000000e+00 0.00000000000000e+00
4.99000000000000e+00 0.00000000000000e+00 0.00000000000000e+00
5.00000000000000e+00 0.00000000000000e+00 0.00000000000000e+00
5.01000000000000e+00 0.00000000000000e+00 0.00000000000000e+00
5.02000000000000e+00 0.00000000000000e+00 0.00000000000000e+00
5.03000000000000e+00 0.00000000000000e+00 0.00000000000000e+00
5.04000000000000e+00 0.00000000000000e+00 0.00000000000000e+00
5.05000000000000e+00 0.00000000000000e+00 0.00000000000000e+00
5.06000000000000e+00 0.00000000000000e+00 0.00000000000000e+00
5.07000000000000e+00 0.00000000000000e+00 0.00000000000000e+00
5.08000000000000e+00 0.00000000000000e+00 0.00000000000000e+00
5.09000000000000e+00 0.00000000000000e+00 0.00000000000000e+00
5.10000000000000e+00 0.00000000000000e+00 0.00000000000000e+00
5.11000000000000e+00 0.00000000000000e+00 0.00000000000000e+00
5.12000000000000e+00 0.00000000000000e+00 0.00000000000000e+00
5.13000000000000e+00 0.00000000000000e+00 0.00000000000000e+00
5.14000000000000e+00 0.00000000000000e+00 0.00000000000000e+00
5.15000000000000e+00 0.00000000000000e+00 0.00000000000000e+00
5.16000000000000e+00 0.00000000000000e+00 0.00000000000000e+00
5.17000000000000e+00 0.00000000000000e+00 0.00000000000000e+00
5.18000000000000e+00 0.00000000000000e+00 0.00000000000000e+00
5.19000000000000e+00 0.00000000000000e+00 0.00000000000000e+00
5.20000000000000e+00 0.00000000000000e+00 0.00000000000000e+00
5.21000000000000e+00 0.00000000000000e+00 0.00000000000000e+00
5.22000000000000e+00 0.00000000000000e+00 0.00000000000000e+00
5.23000000000000e+00 0.00000000000000e+00 0.00000000000000e+00
5.24000000000000e+00 0.00000000000000e+00 0.00000000000000e+00
5.25000000000000e+00 0.00000000000000e+00 0.00000000000000e+00
5.26000000000000e+00 0.00000000000000e+00 0.00000000000000e+00
5.27000000000000e+00 0.00000000000000e+00 0.00000000000000e+00
5.28000000000000e+00 0.00000000000000e+00 0.00000000000000e+00
5.29000000000000e+00 0.00000000000000e+00 0.00000000000000e+00
5.30000000000000e+00 0.00000000000000e+00 0.00000000000000e+00
5.31000000000000e+00 0.00000000000000e+00 0.00000000000000e+00
5.32000000000000e+00 0.00000000000000e+00 0.00000000000000e+00
5.33000000000000e+00 0.00000000000000e+00 0.00000000000000e+00
5.34000000000000e+00 0.00000000000000e+00 0.00000000000000e+00
5.35000000000000e+00 0.00000000000000e+00 0.00000000000000e+00
5.36000000000000e+00 0.00000000000000e+00 0.00000000000000e+00
5.37000000000000e+00 0.00000000000000e+00 0.00000000000000e+00
5.38000000000000e+00 0.00000000000000e+00 0.00000000000000e+00
5.39000000000000e+00 0.00000000000000e+00 0.00000000000000e+00
5.40000000000000e+00 0.00000000000000e+00 0.00000000000000e+00
5.41000000000000e+00 0.00000000000000e+00 0.00000000000000e+00
5.42000000000000e+00 0.00000000000000e+00 0.00000000000000e+00
5.43000000000000e+00 0.00000000000000e+00 0.00000000000000e+00
5.44000000000000e+00 0.00000000000000e+00 0.00000000000000e+00
5.45000000000000e+00 0.00000000000000e+00 0.00000000000000e+00
5.46000000000000e+00 0.00000000000000e+00 0.00000000000000e+00
5.47000000000000e+00 0.00000000000000e+00 0.00000000000000e+00
5.48000000000000e+00 0.00000000000000e+00 0.00000000000000e+00
5.49000000000000e+00 0.00000000000000e+00 0.00000000000000e+00
5.50000000000000e+00 0.00000000000000e+00 0.00000000000000e+00
5.51000000000000e+00 0.00000000000000e+00 0.00000000000000e+00
5.52000000000000e+00 0.00000000000000e+00 0.00000000000000e+00
5.53000000000000e+00 0.00000000000000e+00 0.00000000000000e+00
5.54000000000000e+00 0.00000000000000e+00 0.00000000000000e+00
5.55000000000000e+00 0.00000000000000e+00 0.00000000000000e+00
5.56000000000000e+00 0.00000000000000e+00 0.00000000000000e+00
5.57000000000000e+00 0.00000000000000e+00 0.00000000000000e+00
5.58000000000000e+00 0.00000000000000e+00 0.00000000000000e+00
5.59000000000000e+00 0.00000000000000e+00 0.00000000000000e+00
5.60000000000000e+00 0.00000000000000e+00 0.00000000000000e+00
5.61000000000000e+00 0.00000000000000e+00 0.00000000000000e+00
5.62000000000000e+00 0.00000000000000e+00 0.00000000000000e+00
5.63000000000000e+00 0.00000000000000e+00 0.00000000000000e+00
5.64000000000000e+00 0.00000000000000e+00 0.00000000000000e+00
5.65000000000000e+00 0.00000000000000e+00 0.00000000000000e+00
5.66000000000000e+00 0.00000000000000e+00 0.00000000000000e+00
5.67000000000000e+00 0.00000000000000e+00 0.00000000000000e+00
5.68000000000000e+00 0.00000000000000e+00 0.00000000000000e+00
5.69000000000000e+00 0.00000000000000e+00 0.00000000000000e+00
5.70000000000000e+00 0.00000000000000e+00 0.00000000000000e+00
5.71000000000000e+00 0.00000000000000e+00 0.00000000000000e+00
5.72000000000000e+00 0.00000000000000e+00 0.00000000000000e+00
5.73000000000000e+00 0.00000000000000e+00 0.00000000000000e+00
5.74000000000000e+00 0.00000000000000e+00 0.00000000000000e+00
5.75000000000000e+00 0.00000000000000e+00 0.00000000000000e+00
5.76000000000000e+00 0.00000000000000e+00 0.00000000000000e+00
5.77000000000000e+00 0.00000000000000e+00 0.00000000000000e+00
5.78000000000000e+00 0.00000000000000e+00 0.00000000000000e+00
5.79000000000000e+00 0.00000000000000e+00 0.00000000000000e+00
5.80000000000000e+00 0.00000000000000e+00 0.00000000000000e+00
5.81000000000000e+00 0.00000000000000e+00 0.00000000000000e+00
5.82000000000000e+00 0.00000000000000e+00 0.00000000000000e+00
5.83000000000000e+00 0.00000000000000e+00 0.00000000000000e+00
5.84000000000000e+00 0.00000000000000e+00 0.00000000000000e+00
5.85000000000000e+00 0.00000000000000e+00 0.00000000000000e+00
5.86000000000000e+00 0.00000000000000e+00 0.00000000000000e+00
5.87000000000000e+00 0.00000000000000e+00 0.00000000000000e+00
5.88000000000000e+00 0.00000000000000e+00 0.00000000000000e+00
5.89000000000000e+00 0.00000000000000e+00 0.00000000000000e+00
5.90000000000000e+00 0.00000000000000e+00 0.00000000000000e+00
5.91000000000000e+00 0.00000000000000e+00 0.00000000000000e+00
5.92000000000000e+00 0.00000000000000e+00 0.00000000000000e+00
5.93000000000000e+00 0.00000000000000e+00 0.00000000000000e+00
5.94000000000000e+00 0.00000000000000e+00 0.00000000000000e+00
5.95000000000000e+00 0.00000000000000e+00 0.00000000000000e+00
5.96000000000000e+00 0.00000000000000e+00 0.00000000000000e+00
5.97000000000000e+00 0.00000000000000e+00 0.00000000000000e+00
5.98000000000000e+00 0.00000000000000e+00 0.00000000000000e+00
5.99000000000000e+00 0.00000000000000e+00 0.00000000000000e+00
