0.00000000000000e+00  0.00000000000000e+00 0.00000000000000e+00
1.00000000000000e-02 -1.41241594850000e-03 1.44482587690000e-03
2.00000000000000e-02 -5.64554393750000e-03 5.77137250950000e-03
3.00000000000000e-02 -1.26870366916667e-02 1.29558871963333e-02
4.00000000000000e-02 -2.25163563645000e-02 2.29589161995000e-02
5.00000000000000e-02 -3.51048358080000e-02 3.57255051380000e-02
6.00000000000000e-02 -5.04157640716667e-02 5.11854780450000e-02
7.00000000000000e-02 -6.84044958228571e-02 6.92537936114286e-02
8.00000000000000e-02 -8.90185843537500e-02 8.98309766975000e-02
9.00000000000000e-02 -1.12197937700000e-01 1.12803622855556e-01
1.00000000000000e-01 -1.37874997390000e-01 1.38044973150000e-01
1.10000000000000e-01 -1.65974939136364e-01 1.65415556263636e-01
1.20000000000000e-01 -1.96415894983333e-01 1.94763894433333e-01
1.30000000000000e-01 -2.29109195961538e-01 2.25927269530769e-01
1.40000000000000e-01 -2.63959634592857e-01 2.58732545235714e-01
1.50000000000000e-01 -3.00865746333333e-01 2.92997040906667e-01
1.60000000000000e-01 -3.39720109025000e-01 3.28529452668750e-01
1.70000000000000e-01 -3.80409659394118e-01 3.65130816635294e-01
1.80000000000000e-01 -4.22816025527778e-01 4.02595509550000e-01
1.90000000000000e-01 -4.66815874336842e-01 4.40712281352632e-01
2.00000000000000e-01 -5.12281272700000e-01 4.79265314295000e-01
2.10000000000000e-01 -5.59080061380952e-01 5.18035303238095e-01
2.20000000000000e-01 -6.07076240181818e-01 5.56800551318182e-01
2.30000000000000e-01 -6.56130363652174e-01 5.95338075652174e-01
2.40000000000000e-01 -7.06099945208333e-01 6.33424716791667e-01
2.50000000000000e-01 -7.56839869480000e-01 6.70838246880000e-01
2.60000000000000e-01 -8.08202810730769e-01 7.07358470500000e-01
2.70000000000000e-01 -8.60039656333333e-01 7.42768312555556e-01
2.80000000000000e-01 -9.12199933964286e-01 7.76854887642857e-01
2.90000000000000e-01 -9.64532241620690e-01 8.09410546137931e-01
3.00000000000000e-01 -1.01688467823333e+00 8.40233890633333e-01
3.10000000000000e-01 -1.06910527454839e+00 8.69130758903226e-01
3.20000000000000e-01 -1.12104242212500e+00 8.95915167312500e-01
3.30000000000000e-01 -1.17254529963636e+00 9.20410211727273e-01
3.40000000000000e-01 -1.22346429600000e+00 9.42448918676471e-01
3.50000000000000e-01 -1.27365142642857e+00 9.61875047571429e-01
3.60000000000000e-01 -1.32296074433333e+00 9.78543832472222e-01
3.70000000000000e-01 -1.37124874310811e+00 9.92322671459460e-01
3.80000000000000e-01 -1.41837475126316e+00 1.00309174600000e+00
3.90000000000000e-01 -1.46420131635897e+00 1.01074457979487e+00
4.00000000000000e-01 -1.50859457832500e+00 1.01518853042500e+00
4.10000000000000e-01 -1.55142463073171e+00 1.01634520943902e+00
4.20000000000000e-01 -1.59256586928571e+00 1.01415083180952e+00
4.30000000000000e-01 -1.63189732611628e+00 1.00855649281395e+00
4.40000000000000e-01 -1.66930298938636e+00 9.99528371545454e-01
4.50000000000000e-01 -1.70467210726667e+00 9.87047860355556e-01
4.60000000000000e-01 -1.73789947545652e+00 9.71111620152174e-01
4.70000000000000e-01 -1.76888570757447e+00 9.51731561978723e-01
4.80000000000000e-01 -1.79753748789583e+00 9.28934756270833e-01
4.90000000000000e-01 -1.82376780897959e+00 9.02763292163265e-01
5.00000000000000e-01 -1.84749617886000e+00 8.73273984800000e-01
5.10000000000000e-01 -1.86864882303922e+00 8.40538119294118e-01
5.20000000000000e-01 -1.88715886653846e+00 8.04641111846154e-01
5.30000000000000e-01 -1.90296647452830e+00 7.65681983169811e-01
5.40000000000000e-01 -1.91601899944444e+00 7.23772934537037e-01
5.50000000000000e-01 -1.92627110145455e+00 6.79038819872727e-01
5.60000000000000e-01 -1.93368481571429e+00 6.31616398589286e-01
5.70000000000000e-01 -1.93822967122807e+00 5.81653908035088e-01
5.80000000000000e-01 -1.93988268258621e+00 5.29310058534483e-01
5.90000000000000e-01 -1.93862844813559e+00 4.74753601000000e-01
6.00000000000000e-01 -1.93445909750000e+00 4.18162250316667e-01
6.10000000000000e-01 -1.92737432000000e+00 3.59722034557377e-01
6.20000000000000e-01 -1.91738134080645e+00 2.99626463532258e-01
6.30000000000000e-01 -1.90449480539683e+00 2.38075393047619e-01
6.40000000000000e-01 -1.88873679484375e+00 1.75274464281250e-01
6.50000000000000e-01 -1.87013668600000e+00 1.11433989904615e-01
6.60000000000000e-01 -1.84873100757576e+00 4.67679176772727e-02
6.70000000000000e-01 -1.82456337298507e+00 -1.85068893044776e-02
6.80000000000000e-01 -1.79768434558823e+00 -8.41715682382353e-02
6.90000000000000e-01 -1.76815115956522e+00 -1.50006546811594e-01
7.00000000000000e-01 -1.73602762800000e+00 -2.15792180657143e-01
7.10000000000000e-01 -1.70138392788732e+00 -2.81309726366197e-01
7.20000000000000e-01 -1.66429637583333e+00 -3.46342272875000e-01
7.30000000000000e-01 -1.62484723698630e+00 -4.10675531397260e-01
7.40000000000000e-01 -1.58312434162162e+00 -4.74099034270270e-01
7.50000000000000e-01 -1.53922095493333e+00 -5.36406639306667e-01
7.60000000000000e-01 -1.49323546092105e+00 -5.97397446171053e-01
7.70000000000000e-01 -1.44527107220779e+00 -6.56876572896104e-01
7.80000000000000e-01 -1.39543553128205e+00 -7.14655894487179e-01
7.90000000000000e-01 -1.34384079797468e+00 -7.70554740835443e-01
8.00000000000000e-01 -1.29060272950000e+00 -8.24400551337500e-01
8.10000000000000e-01 -1.23584075012346e+00 -8.76029484012346e-01
8.20000000000000e-01 -1.17967751319512e+00 -9.25286977085366e-01
8.30000000000000e-01 -1.12223855649398e+00 -9.72028261132530e-01
8.40000000000000e-01 -1.06365195067857e+00 -1.01611882052381e+00
8.50000000000000e-01 -1.00404794308235e+00 -1.05743480280000e+00
8.60000000000000e-01 -9.43558596965116e-01 -1.09586337513953e+00
8.70000000000000e-01 -8.82317427643678e-01 -1.13130302713793e+00
8.80000000000000e-01 -8.20459036340909e-01 -1.16366381965909e+00
8.90000000000000e-01 -7.58118742730337e-01 -1.19286757921348e+00
9.00000000000000e-01 -6.95432217366667e-01 -1.21884803911111e+00
9.10000000000000e-01 -6.32535114890110e-01 -1.24155092615385e+00
9.20000000000000e-01 -5.69562709130435e-01 -1.26093399478261e+00
9.30000000000000e-01 -5.06649531215054e-01 -1.27696701032258e+00
9.40000000000000e-01 -4.43929011670213e-01 -1.28963168074468e+00
9.50000000000000e-01 -3.81533127578947e-01 -1.29892154021053e+00
9.60000000000000e-01 -3.19592055895833e-01 -1.30484178677083e+00
9.70000000000000e-01 -2.58233849237113e-01 -1.30740908731959e+00
9.80000000000000e-01 -1.97584191142857e-01 -1.30665143091837e+00
9.90000000000000e-01 -1.37765711626263e-01 -1.30260751151515e+00
1.00000000000000e+00 -7.88980449840000e-02 -1.29532666900000e+00
1.01000000000000e+00 -2.10974072841584e-02 -1.28486844712871e+00
1.02000000000000e+00 3.55236944754902e-02 -1.27130219617647e+00
1.03000000000000e+00 9.08567407902913e-02 -1.25470665038835e+00
1.04000000000000e+00 1.44797275250000e-01 -1.23516989884615e+00
1.05000000000000e+00 1.97245752828571e-01 -1.21278773028571e+00
1.06000000000000e+00 2.48107239226415e-01 -1.18766405764151e+00
1.07000000000000e+00 2.97291754672897e-01 -1.15991022897196e+00
1.08000000000000e+00 3.44714490203704e-01 -1.12964450611111e+00
1.09000000000000e+00 3.90295824449541e-01 -1.09699224458716e+00
1.10000000000000e+00 4.33962186909091e-01 -1.06208291836364e+00
1.11000000000000e+00 4.75645490054054e-01 -1.02505180747748e+00
1.12000000000000e+00 5.15283493696429e-01 -9.86038816785714e-01
1.13000000000000e+00 5.52819776876106e-01 -9.45188978938053e-01
1.14000000000000e+00 5.88204402350877e-01 -9.02648769473684e-01
1.15000000000000e+00 6.21393471886957e-01 -8.58567937486957e-01
1.16000000000000e+00 6.52349273241379e-01 -8.13098894956897e-01
1.17000000000000e+00 6.81040339444445e-01 -7.66397174914530e-01
1.18000000000000e+00 7.07441816567797e-01 -7.18616191474576e-01
1.19000000000000e+00 7.31535005789916e-01 -6.69911388445378e-01
1.20000000000000e+00 7.53307555150000e-01 -6.20439670191667e-01
1.21000000000000e+00 7.72753536033058e-01 -5.70355760834711e-01
1.22000000000000e+00 7.89873190459016e-01 -5.19812591598361e-01
1.23000000000000e+00 8.04673012943089e-01 -4.68963519073171e-01
1.24000000000000e+00 8.17165761451613e-01 -4.17959926846774e-01
1.25000000000000e+00 8.27369923120000e-01 -3.66947937264000e-01
1.26000000000000e+00 8.35310091031746e-01 -3.16073410738095e-01
1.27000000000000e+00 8.41016904094488e-01 -2.65479594889764e-01
1.28000000000000e+00 8.44525947734375e-01 -2.15302232546875e-01
1.29000000000000e+00 8.45878792015504e-01 -1.65676376542636e-01
1.30000000000000e+00 8.45122510846154e-01 -1.16732712384615e-01
1.31000000000000e+00 8.42308269847328e-01 -6.85936709335878e-02
1.32000000000000e+00 8.37493206363636e-01 -2.13807702856061e-02
1.33000000000000e+00 8.30738704360902e-01 2.47918215466165e-02
1.34000000000000e+00 8.22109732462686e-01 6.98172540992537e-02
1.35000000000000e+00 8.11677363333333e-01 1.13589835822222e-01
1.36000000000000e+00 7.99514480294118e-01 1.56015252404412e-01
1.37000000000000e+00 7.85698304890511e-01 1.97003310437956e-01
1.38000000000000e+00 7.70310971739130e-01 2.36468015898551e-01
1.39000000000000e+00 7.53434505467626e-01 2.74335583223022e-01
1.40000000000000e+00 7.35156983500000e-01 3.10533567235714e-01
1.41000000000000e+00 7.15566905319149e-01 3.45000214680851e-01
1.42000000000000e+00 6.94754827169014e-01 3.77680598246479e-01
1.43000000000000e+00 6.72816056608392e-01 4.08523965440559e-01
1.44000000000000e+00 6.49842599041667e-01 4.37492716833333e-01
1.45000000000000e+00 6.25932994931034e-01 4.64550922641379e-01
1.46000000000000e+00 6.01182505369863e-01 4.89675110924658e-01
1.47000000000000e+00 5.75689134170068e-01 5.12847221081633e-01
1.48000000000000e+00 5.49551946574324e-01 5.34056964777027e-01
1.49000000000000e+00 5.22866495013423e-01 5.53304767040268e-01
1.50000000000000e+00 4.95734537693333e-01 5.70594428020000e-01
1.51000000000000e+00 4.68248946357616e-01 5.85944149119205e-01
1.52000000000000e+00 4.40510196697368e-01 5.99374571046053e-01
1.53000000000000e+00 4.12610544287582e-01 6.10919803437908e-01
1.54000000000000e+00 3.84646074551948e-01 6.20618948512987e-01
1.55000000000000e+00 3.56708628490323e-01 6.28522585812903e-01
1.56000000000000e+00 3.28887383564103e-01 6.34686413064103e-01
1.57000000000000e+00 3.01270490082803e-01 6.39174331592357e-01
1.58000000000000e+00 2.73936759930380e-01 6.42051768607595e-01
1.59000000000000e+00 2.46967528421384e-01 6.43390846729560e-01
1.60000000000000e+00 2.20430461393750e-01 6.43261928750000e-01
1.61000000000000e+00 1.94399529024845e-01 6.41743774596273e-01
1.62000000000000e+00 1.68931766067901e-01 6.38908985370370e-01
1.63000000000000e+00 1.44093087595092e-01 6.34841023190184e-01
1.64000000000000e+00 1.19930622237805e-01 6.29612743231707e-01
1.65000000000000e+00 9.65012451636364e-02 6.23309899454546e-01
1.66000000000000e+00 7.38432447409639e-02 6.16004469638554e-01
1.67000000000000e+00 5.20037572353293e-02 6.07782059700599e-01
1.68000000000000e+00 3.10128240440476e-02 5.98712729404762e-01
1.69000000000000e+00 1.09080546100592e-02 5.88880407437870e-01
1.70000000000000e+00 -8.28878072529412e-03 5.78351724529412e-01
1.71000000000000e+00 -2.65491180140351e-02 5.67207937701754e-01
1.72000000000000e+00 -4.38593229970930e-02 5.55510907505814e-01
1.73000000000000e+00 -6.01994081098266e-02 5.43338494121387e-01
1.74000000000000e+00 -7.55633440919540e-02 5.30747159511494e-01
1.75000000000000e+00 -8.99399369142857e-02 5.17809371754286e-01
1.76000000000000e+00 -1.03329594102273e-01 5.04577074880682e-01
1.77000000000000e+00 -1.15729796129944e-01 4.91115675271186e-01
1.78000000000000e+00 -1.27146731921348e-01 4.77472994500000e-01
1.79000000000000e+00 -1.37586008128492e-01 4.63706319815642e-01
1.80000000000000e+00 -1.47059121088889e-01 4.49859684877778e-01
1.81000000000000e+00 -1.55579006270718e-01 4.35981544762431e-01
1.82000000000000e+00 -1.63162121901099e-01 4.22112494626374e-01
1.83000000000000e+00 -1.69827700071038e-01 4.08291797076503e-01
1.84000000000000e+00 -1.75596968978261e-01 3.94556866663043e-01
1.85000000000000e+00 -1.80494196897297e-01 3.80937831486486e-01
1.86000000000000e+00 -1.84545339209677e-01 3.67468993064516e-01
1.87000000000000e+00 -1.87778257700535e-01 3.54171868406417e-01
1.88000000000000e+00 -1.90223690101064e-01 3.41077452851064e-01
1.89000000000000e+00 -1.91911945211640e-01 3.28200772920635e-01
1.90000000000000e+00 -1.92877452931579e-01 3.15565670910526e-01
1.91000000000000e+00 -1.93153101649215e-01 3.03185275884817e-01
1.92000000000000e+00 -1.92775167453125e-01 2.91075037921875e-01
1.93000000000000e+00 -1.91779628367876e-01 2.79246781544041e-01
1.94000000000000e+00 -1.90202645278351e-01 2.67708535489691e-01
1.95000000000000e+00 -1.88083778835897e-01 2.56470438846154e-01
1.96000000000000e+00 -1.85457688188776e-01 2.45535013724490e-01
1.97000000000000e+00 -1.82366471329949e-01 2.34909105025381e-01
1.98000000000000e+00 -1.78844438368687e-01 2.24592739606061e-01
1.99000000000000e+00 -1.74931866899497e-01 2.14587637562814e-01
2.00000000000000e+00 -1.70665957100000e-01 2.04893289340000e-01
2.01000000000000e+00 -1.66082259313433e-01 1.95507216671642e-01
2.02000000000000e+00 -1.61221616054455e-01 1.86427564297030e-01
2.03000000000000e+00 -1.56114778556650e-01 1.77649658014778e-01
2.04000000000000e+00 -1.50801839519608e-01 1.69169213465686e-01
2.05000000000000e+00 -1.45313736746341e-01 1.60980889575610e-01
2.06000000000000e+00 -1.39684039000000e-01 1.53078612019417e-01
2.07000000000000e+00 -1.33947546415459e-01 1.45455896429952e-01
2.08000000000000e+00 -1.28130060475962e-01 1.38106384692308e-01
2.09000000000000e+00 -1.22267140693780e-01 1.31022094497608e-01
2.10000000000000e+00 -1.16381973176190e-01 1.24196644842857e-01
2.11000000000000e+00 -1.10502424009479e-01 1.17622325568720e-01
2.12000000000000e+00 -1.04656004084906e-01 1.11291239636792e-01
2.13000000000000e+00 -9.88612704272300e-02 1.05197255530516e-01
2.14000000000000e+00 -9.31460466308411e-02 9.93314097803738e-02
2.15000000000000e+00 -8.75261504790698e-02 9.36879976093023e-02
2.16000000000000e+00 -8.20205477175926e-02 8.82599791620370e-02
2.17000000000000e+00 -7.66496938709677e-02 8.30395572396313e-02
2.18000000000000e+00 -7.14236105550459e-02 7.80222668165138e-02
2.19000000000000e+00 -6.63602984383562e-02 7.32004068127854e-02
2.20000000000000e+00 -6.14696660227273e-02 6.85691418500000e-02
2.21000000000000e+00 -5.67601013257919e-02 6.41239216968326e-02
2.22000000000000e+00 -5.22456347027027e-02 5.98575566216216e-02
2.23000000000000e+00 -4.79280008744395e-02 5.57678000224215e-02
2.24000000000000e+00 -4.38148269120536e-02 5.18495307946428e-02
2.25000000000000e+00 -3.99114934786667e-02 4.80983451066667e-02
2.26000000000000e+00 -3.62176436703540e-02 4.45121500619469e-02
2.27000000000000e+00 -3.27377189828194e-02 4.10862685885463e-02
2.28000000000000e+00 -2.94702245657895e-02 3.78185802214912e-02
2.29000000000000e+00 -2.64128693344978e-02 3.47070190786026e-02
2.30000000000000e+00 -2.35665253486957e-02 3.17475792313043e-02
2.31000000000000e+00 -2.09249951463203e-02 2.89395403861472e-02
2.32000000000000e+00 -1.84844728814655e-02 2.62805852275862e-02
2.33000000000000e+00 -1.62408998927039e-02 2.37681677751073e-02
2.34000000000000e+00 -1.41868291008547e-02 2.14012327931624e-02
2.35000000000000e+00 -1.23159993680851e-02 1.91776636502128e-02
2.36000000000000e+00 -1.06212181860169e-02 1.70955243072034e-02
2.37000000000000e+00 -9.09414442869198e-03 1.51531932092827e-02
2.38000000000000e+00 -7.72630386806723e-03 1.33486236815126e-02
2.39000000000000e+00 -6.50909715983264e-03 1.16796037769874e-02
2.40000000000000e+00 -5.43359241416667e-03 1.01437474566667e-02
2.41000000000000e+00 -4.48955755850622e-03 8.73882744979253e-03
2.42000000000000e+00 -3.66841944458678e-03 7.46158519008265e-03
2.43000000000000e+00 -2.96100311543210e-03 6.30865598312757e-03
2.44000000000000e+00 -2.35593248200820e-03 5.27728815327869e-03
2.45000000000000e+00 -1.84570177608163e-03 4.36260117346939e-03
2.46000000000000e+00 -1.42128891113821e-03 3.56001817666667e-03
2.47000000000000e+00 -1.07092005716599e-03 2.86584477356275e-03
2.48000000000000e+00 -7.88741254516129e-04 2.27324941483871e-03
2.49000000000000e+00 -5.66210304257028e-04 1.77624629321285e-03
2.50000000000000e+00 -3.92296545424000e-04 1.36959505764000e-03
2.51000000000000e+00 -2.62616766131474e-04 1.04457994406375e-03
2.52000000000000e+00 -1.69784343928571e-04 7.93457166150794e-04
2.53000000000000e+00 -1.03931156387352e-04 6.09186287865613e-04
2.54000000000000e+00 -6.23070244606299e-05 4.81107144015748e-04
2.55000000000000e+00 -3.91238387572549e-05 4.00066791647059e-04
2.56000000000000e+00 -2.62005843812500e-05 3.67683453886719e-04
2.57000000000000e+00 -2.18510218073930e-05 3.51465764517510e-04
2.58000000000000e+00 -2.17907747554264e-05 3.30703295542636e-04
2.59000000000000e+00 -1.41192992536680e-05 2.26856903861004e-04
2.60000000000000e+00 -6.71887385730769e-06 1.13044735246154e-04
2.61000000000000e+00 -5.78193960957854e-07 1.00887648302682e-05
2.62000000000000e+00 1.33800782908397e-06 -2.02641473477099e-05
2.63000000000000e+00 1.29811564471483e-06 -1.96599796558935e-05
2.64000000000000e+00 3.06406177215909e-07 -4.64052585378788e-06
2.65000000000000e+00 0.00000000000000e+00 0.00000000000000e+00
2.66000000000000e+00 0.00000000000000e+00 0.00000000000000e+00
2.67000000000000e+00 0.00000000000000e+00 0.00000000000000e+00
2.68000000000000e+00 0.00000000000000e+00 0.00000000000000e+00
2.69000000000000e+00 0.00000000000000e+00 0.00000000000000e+00
2.70000000000000e+00 0.00000000000000e+00 0.00000000000000e+00
2.71000000000000e+00 0.00000000000000e+00 0.00000000000000e+00
2.72000000000000e+00 0.00000000000000e+00 0.00000000000000e+00
2.73000000000000e+00 0.00000000000000e+00 0.00000000000000e+00
2.74000000000000e+00 0.00000000000000e+00 0.00000000000000e+00
2.75000000000000e+00 0.00000000000000e+00 0.00000000000000e+00
2.76000000000000e+00 0.00000000000000e+00 0.00000000000000e+00
2.77000000000000e+00 0.00000000000000e+00 0.00000000000000e+00
2.78000000000000e+00 0.00000000000000e+00 0.00000000000000e+00
2.79000000000000e+00 0.00000000000000e+00 0.00000000000000e+00
2.80000000000000e+00 0.00000000000000e+00 0.00000000000000e+00
2.81000000000000e+00 0.00000000000000e+00 0.00000000000000e+00
2.82000000000000e+00 0.00000000000000e+00 0.00000000000000e+00
2.83000000000000e+00 0.00000000000000e+00 0.00000000000000e+00
2.84000000000000e+00 0.00000000000000e+00 0.00000000000000e+00
2.85000000000000e+00 0.00000000000000e+00 0.00000000000000e+00
2.86000000000000e+00 0.00000000000000e+00 0.00000000000000e+00
2.87000000000000e+00 0.00000000000000e+00 0.00000000000000e+00
2.88000000000000e+00 0.00000000000000e+00 0.00000000000000e+00
2.89000000000000e+00 0.00000000000000e+00 0.00000000000000e+00
2.90000000000000e+00 0.00000000000000e+00 0.00000000000000e+00
2.91000000000000e+00 0.00000000000000e+00 0.00000000000000e+00
2.92000000000000e+00 0.00000000000000e+00 0.00000000000000e+00
2.93000000000000e+00 0.00000000000000e+00 0.00000000000000e+00
2.94000000000000e+00 0.00000000000000e+00 0.00000000000000e+00
2.95000000000000e+00 0.00000000000000e+00 0.00000000000000e+00
2.96000000000000e+00 0.00000000000000e+00 0.00000000000000e+00
2.97000000000000e+00 0.00000000000000e+00 0.00000000000000e+00
2.98000000000000e+00 0.00000000000000e+00 0.00000000000000e+00
2.99000000000000e+00 0.00000000000000e+00 0.00000000000000e+00
3.00000000000000e+00 0.00000000000000e+00 0.00000000000000e+00
3.01000000000000e+00 0.00000000000000e+00 0.00000000000000e+00
3.02000000000000e+00 0.00000000000000e+00 0.00000000000000e+00
3.03000000000000e+00 0.00000000000000e+00 0.00000000000000e+00
3.04000000000000e+00 0.00000000000000e+00 0.00000000000000e+00
3.05000000000000e+00 0.00000000000000e+00 0.00000000000000e+00
3.06000000000000e+00 0.00000000000000e+00 0.00000000000000e+00
3.07000000000000e+00 0.00000000000000e+00 0.00000000000000e+00
3.08000000000000e+00 0.00000000000000e+00 0.00000000000000e+00
3.09000000000000e+00 0.00000000000000e+00 0.00000000000000e+00
3.10000000000000e+00 0.00000000000000e+00 0.00000000000000e+00
3.11000000000000e+00 0.00000000000000e+00 0.00000000000000e+00
3.12000000000000e+00 0.00000000000000e+00 0.00000000000000e+00
3.13000000000000e+00 0.00000000000000e+00 0.00000000000000e+00
3.14000000000000e+00 0.00000000000000e+00 0.00000000000000e+00
3.15000000000000e+00 0.00000000000000e+00 0.00000000000000e+00
3.16000000000000e+00 0.00000000000000e+00 0.00000000000000e+00
3.17000000000000e+00 0.00000000000000e+00 0.00000000000000e+00
3.18000000000000e+00 0.00000000000000e+00 0.00000000000000e+00
3.19000000000000e+00 0.00000000000000e+00 0.00000000000000e+00
3.20000000000000e+00 0.00000000000000e+00 0.00000000000000e+00
3.21000000000000e+00 0.00000000000000e+00 0.00000000000000e+00
3.22000000000000e+00 0.00000000000000e+00 0.00000000000000e+00
3.23000000000000e+00 0.00000000000000e+00 0.00000000000000e+00
3.24000000000000e+00 0.00000000000000e+00 0.00000000000000e+00
3.25000000000000e+00 0.00000000000000e+00 0.00000000000000e+00
3.26000000000000e+00 0.00000000000000e+00 0.00000000000000e+00
3.27000000000000e+00 0.00000000000000e+00 0.00000000000000e+00
3.28000000000000e+00 0.00000000000000e+00 0.00000000000000e+00
3.29000000000000e+00 0.00000000000000e+00 0.00000000000000e+00
3.30000000000000e+00 0.00000000000000e+00 0.00000000000000e+00
3.31000000000000e+00 0.00000000000000e+00 0.00000000000000e+00
3.32000000000000e+00 0.00000000000000e+00 0.00000000000000e+00
3.33000000000000e+00 0.00000000000000e+00 0.00000000000000e+00
3.34000000000000e+00 0.00000000000000e+00 0.00000000000000e+00
3.35000000000000e+00 0.00000000000000e+00 0.00000000000000e+00
3.36000000000000e+00 0.00000000000000e+00 0.00000000000000e+00
3.37000000000000e+00 0.00000000000000e+00 0.00000000000000e+00
3.38000000000000e+00 0.00000000000000e+00 0.00000000000000e+00
3.39000000000000e+00 0.00000000000000e+00 0.00000000000000e+00
3.40000000000000e+00 0.00000000000000e+00 0.00000000000000e+00
3.41000000000000e+00 0.00000000000000e+00 0.00000000000000e+00
3.42000000000000e+00 0.00000000000000e+00 0.00000000000000e+00
3.43000000000000e+00 0.00000000000000e+00 0.00000000000000e+00
3.44000000000000e+00 0.00000000000000e+00 0.00000000000000e+00
3.45000000000000e+00 0.00000000000000e+00 0.00000000000000e+00
3.46000000000000e+00 0.00000000000000e+00 0.00000000000000e+00
3.47000000000000e+00 0.00000000000000e+00 0.00000000000000e+00
3.48000000000000e+00 0.00000000000000e+00 0.00000000000000e+00
3.49000000000000e+00 0.00000000000000e+00 0.00000000000000e+00
3.50000000000000e+00 0.00000000000000e+00 0.00000000000000e+00
3.51000000000000e+00 0.00000000000000e+00 0.00000000000000e+00
3.52000000000000e+00 0.00000000000000e+00 0.00000000000000e+00
3.53000000000000e+00 0.00000000000000e+00 0.00000000000000e+00
3.54000000000000e+00 0.00000000000000e+00 0.00000000000000e+00
3.55000000000000e+00 0.00000000000000e+00 0.00000000000000e+00
3.56000000000000e+00 0.00000000000000e+00 0.00000000000000e+00
3.57000000000000e+00 0.00000000000000e+00 0.00000000000000e+00
3.58000000000000e+00 0.00000000000000e+00 0.00000000000000e+00
3.59000000000000e+00 0.00000000000000e+00 0.00000000000000e+00
3.60000000000000e+00 0.00000000000000e+00 0.00000000000000e+00
3.61000000000000e+00 0.00000000000000e+00 0.00000000000000e+00
3.62000000000000e+00 0.00000000000000e+00 0.00000000000000e+00
3.63000000000000e+00 0.00000000000000e+00 0.00000000000000e+00
3.64000000000000e+00 0.00000000000000e+00 0.00000000000000e+00
3.65000000000000e+00 0.00000000000000e+00 0.00000000000000e+00
3.66000000000000e+00 0.00000000000000e+00 0.00000000000000e+00
3.67000000000000e+00 0.00000000000000e+00 0.00000000000000e+00
3.68000000000000e+00 0.00000000000000e+00 0.00000000000000e+00
3.69000000000000e+00 0.00000000000000e+00 0.00000000000000e+00
3.70000000000000e+00 0.00000000000000e+00 0.00000000000000e+00
3.71000000000000e+00 0.00000000000000e+00 0.00000000000000e+00
3.72000000000000e+00 0.00000000000000e+00 0.00000000000000e+00
3.73000000000000e+00 0.00000000000000e+00 0.00000000000000e+00
3.74000000000000e+00 0.00000000000000e+00 0.00000000000000e+00
3.75000000000000e+00 0.00000000000000e+00 0.00000000000000e+00
3.76000000000000e+00 0.00000000000000e+00 0.00000000000000e+00
3.77000000000000e+00 0.00000000000000e+00 0.00000000000000e+00
3.78000000000000e+00 0.00000000000000e+00 0.00000000000000e+00
3.79000000000000e+00 0.00000000000000e+00 0.00000000000000e+00
3.80000000000000e+00 0.00000000000000e+00 0.00000000000000e+00
3.81000000000000e+00 0.00000000000000e+00 0.00000000000000e+00
3.82000000000000e+00 0.00000000000000e+00 0.00000000000000e+00
3.83000000000000e+00 0.00000000000000e+00 0.00000000000000e+00
3.84000000000000e+00 0.00000000000000e+00 0.00000000000000e+00
3.85000000000000e+00 0.00000000000000e+00 0.00000000000000e+00
3.86000000000000e+00 0.00000000000000e+00 0.00000000000000e+00
3.87000000000000e+00 0.00000000000000e+00 0.00000000000000e+00
3.88000000000000e+00 0.00000000000000e+00 0.00000000000000e+00
3.89000000000000e+00 0.00000000000000e+00 0.00000000000000e+00
3.90000000000000e+00 0.00000000000000e+00 0.00000000000000e+00
3.91000000000000e+00 0.00000000000000e+00 0.00000000000000e+00
3.92000000000000e+00 0.00000000000000e+00 0.00000000000000e+00
3.93000000000000e+00 0.00000000000000e+00 0.00000000000000e+00
3.94000000000000e+00 0.00000000000000e+00 0.00000000000000e+00
3.95000000000000e+00 0.00000000000000e+00 0.00000000000000e+00
3.96000000000000e+00 0.00000000000000e+00 0.00000000000000e+00
3.97000000000000e+00 0.00000000000000e+00 0.00000000000000e+00
3.98000000000000e+00 0.00000000000000e+00 0.00000000000000e+00
3.99000000000000e+00 0.00000000000000e+00 0.00000000000000e+00
4.00000000000000e+00 0.00000000000000e+00 0.00000000000000e+00
4.01000000000000e+00 0.00000000000000e+00 0.00000000000000e+00
4.02000000000000e+00 0.00000000000000e+00 0.00000000000000e+00
4.03000000000000e+00 0.00000000000000e+00 0.00000000000000e+00
4.04000000000000e+00 0.00000000000000e+00 0.00000000000000e+00
4.05000000000000e+00 0.00000000000000e+00 0.00000000000000e+00
4.06000000000000e+00 0.00000000000000e+00 0.00000000000000e+00
4.07000000000000e+00 0.00000000000000e+00 0.00000000000000e+00
4.08000000000000e+00 0.00000000000000e+00 0.00000000000000e+00
4.09000000000000e+00 0.00000000000000e+00 0.00000000000000e+00
4.10000000000000e+00 0.00000000000000e+00 0.00000000000000e+00
4.11000000000000e+00 0.00000000000000e+00 0.00000000000000e+00
4.12000000000000e+00 0.00000000000000e+00 0.00000000000000e+00
4.13000000000000e+00 0.00000000000000e+00 0.00000000000000e+00
4.14000000000000e+00 0.00000000000000e+00 0.00000000000000e+00
4.15000000000000e+00 0.00000000000000e+00 0.00000000000000e+00
4.16000000000000e+00 0.00000000000000e+00 0.00000000000000e+00
4.17000000000000e+00 0.00000000000000e+00 0.00000000000000e+00
4.18000000000000e+00 0.00000000000000e+00 0.00000000000000e+00
4.19000000000000e+00 0.00000000000000e+00 0.00000000000000e+00
4.20000000000000e+00 0.00000000000000e+00 0.00000000000000e+00
4.21000000000000e+00 0.00000000000000e+00 0.00000000000000e+00
4.22000000000000e+00 0.00000000000000e+00 0.00000000000000e+00
4.23000000000000e+00 0.00000000000000e+00 0.00000000000000e+00
4.24000000000000e+00 0.00000000000000e+00 0.00000000000000e+00
4.25000000000000e+00 0.00000000000000e+00 0.00000000000000e+00
4.26000000000000e+00 0.00000000000000e+00 0.00000000000000e+00
4.27000000000000e+00 0.00000000000000e+00 0.00000000000000e+00
4.28000000000000e+00 0.00000000000000e+00 0.00000000000000e+00
4.29000000000000e+00 0.00000000000000e+00 0.00000000000000e+00
4.30000000000000e+00 0.00000000000000e+00 0.00000000000000e+00
4.31000000000000e+00 0.00000000000000e+00 0.00000000000000e+00
4.32000000000000e+00 0.00000000000000e+00 0.00000000000000e+00
4.33000000000000e+00 0.00000000000000e+00 0.00000000000000e+00
4.34000000000000e+00 0.00000000000000e+00 0.00000000000000e+00
4.35000000000000e+00 0.00000000000000e+00 0.00000000000000e+00
4.36000000000000e+00 0.00000000000000e+00 0.00000000000000e+00
4.37000000000000e+00 0.00000000000000e+00 0.00000000000000e+00
4.38000000000000e+00 0.00000000000000e+00 0.00000000000000e+00
4.39000000000000e+00 0.00000000000000e+00 0.00000000000000e+00
4.40000000000000e+00 0.00000000000000e+00 0.00000000000000e+00
4.41000000000000e+00 0.00000000000000e+00 0.00000000000000e+00
4.42000000000000e+00 0.00000000000000e+00 0.00000000000000e+00
4.43000000000000e+00 0.00000000000000e+00 0.00000000000000e+00
4.44000000000000e+00 0.00000000000000e+00 0.00000000000000e+00
4.45000000000000e+00 0.00000000000000e+00 0.00000000000000e+00
4.46000000000000e+00 0.00000000000000e+00 0.00000000000000e+00
4.47000000000000e+00 0.00000000000000e+00 0.00000000000000e+00
4.48000000000000e+00 0.00000000000000e+00 0.00000000000000e+00
4.49000000000000e+00 0.00000000000000e+00 0.00000000000000e+00
4.50000000000000e+00 0.00000000000000e+00 0.00000000000000e+00
4.51000000000000e+00 0.00000000000000e+00 0.00000000000000e+00
4.52000000000000e+00 0.00000000000000e+00 0.00000000000000e+00
4.53000000000000e+00 0.00000000000000e+00 0.00000000000000e+00
4.54000000000000e+00 0.00000000000000e+00 0.00000000000000e+00
4.55000000000000e+00 0.00000000000000e+00 0.00000000000000e+00
4.56000000000000e+00 0.00000000000000e+00 0.00000000000000e+00
4.57000000000000e+00 0.00000000000000e+00 0.00000000000000e+00
4.58000000000000e+00 0.00000000000000e+00 0.00000000000000e+00
4.59000000000000e+00 0.00000000000000e+00 0.00000000000000e+00
4.60000000000000e+00 0.00000000000000e+00 0.00000000000000e+00
4.61000000000000e+00 0.00000000000000e+00 0.00000000000000e+00
4.62000000000000e+00 0.00000000000000e+00 0.00000000000000e+00
4.63000000000000e+00 0.00000000000000e+00 0.00000000000000e+00
4.64000000000000e+00 0.00000000000000e+00 0.00000000000000e+00
4.65000000000000e+00 0.00000000000000e+00 0.00000000000000e+00
4.66000000000000e+00 0.00000000000000e+00 0.00000000000000e+00
4.67000000000000e+00 0.00000000000000e+00 0.00000000000000e+00
4.68000000000000e+00 0.00000000000000e+00 0.00000000000000e+00
4.69000000000000e+00 0.00000000000000e+00 0.00000000000000e+00
4.70000000000000e+00 0.00000000000000e+00 0.00000000000000e+00
4.71000000000000e+00 0.00000000000000e+00 0.00000000000000e+00
4.72000000000000e+00 0.00000000000000e+00 0.00000000000000e+00
4.73000000000000e+00 0.00000000000000e+00 0.00000000000000e+00
4.74000000000000e+00 0.00000000000000e+00 0.00000000000000e+00
4.75000000000000e+00 0.00000000000000e+00 0.00000000000000e+00
4.76000000000000e+00 0.00000000000000e+00 0.00000000000000e+00
4.77000000000000e+00 0.00000000000000e+00 0.00000000000000e+00
4.78000000000000e+00 0.00000000000000e+00 0.00000000000000e+00
4.79000000000000e+00 0.00000000000000e+00 0.00000000000000e+00
4.80000000000000e+00 0.00000000000000e+00 0.00000000000000e+00
4.81000000000000e+00 0.00000000000000e+00 0.00000000000000e+00
4.82000000000000e+00 0.00000000000000e+00 0.00000000000000e+00
4.83000000000000e+00 0.00000000000000e+00 0.00000000000000e+00
4.84000000000000e+00 0.00000000000000e+00 0.00000000000000e+00
4.85000000000000e+00 0.00000000000000e+00 0.00000000000000e+00
4.86000000000000e+00 0.00000000000000e+00 0.00000000000000e+00
4.87000000000000e+00 0.00000000000000e+00 0.00000000000000e+00
4.88000000000000e+00 0.00000000000000e+00 0.00000000000000e+00
4.89000000000000e+00 0.00000000000000e+00 0.00000000000000e+00
4.90000000000000e+00 0.00000000000000e+00 0.00000000000000e+00
4.91000000000000e+00 0.00000000000000e+00 0.00000000000000e+00
4.92000000000000e+00 0.00000000000000e+00 0.00000000000000e+00
4.93000000000000e+00 0.00000000000000e+00 0.00000000000000e+00
4.94000000000000e+00 0.00000000000000e+00 0.00000000000000e+00
4.95000000000000e+00 0.00000000000000e+00 0.00000000000000e+00
4.96000000000000e+00 0.00000000000000e+00 0.00000000000000e+00
4.97000000000000e+00 0.00000000000000e+00 0.00000000000000e+00
4.98000000000000e+00 0.00000000000000e+00 0.00000000000000e+00
4.99000000000000e+00 0.00000000000000e+00 0.00000000000000e+00
5.00000000000000e+00 0.00000000000000e+00 0.00000000000000e+00
5.01000000000000e+00 0.00000000000000e+00 0.00000000000000e+00
5.02000000000000e+00 0.00000000000000e+00 0.00000000000000e+00
5.03000000000000e+00 0.00000000000000e+00 0.00000000000000e+00
5.04000000000000e+00 0.00000000000000e+00 0.00000000000000e+00
5.05000000000000e+00 0.00000000000000e+00 0.00000000000000e+00
5.06000000000000e+00 0.00000000000000e+00 0.00000000000000e+00
5.07000000000000e+00 0.00000000000000e+00 0.00000000000000e+00
5.08000000000000e+00 0.00000000000000e+00 0.00000000000000e+00
5.09000000000000e+00 0.00000000000000e+00 0.00000000000000e+00
5.10000000000000e+00 0.00000000000000e+00 0.00000000000000e+00
5.11000000000000e+00 0.00000000000000e+00 0.00000000000000e+00
5.12000000000000e+00 0.00000000000000e+00 0.00000000000000e+00
5.13000000000000e+00 0.00000000000000e+00 0.00000000000000e+00
5.14000000000000e+00 0.00000000000000e+00 0.00000000000000e+00
5.15000000000000e+00 0.00000000000000e+00 0.00000000000000e+00
5.16000000000000e+00 0.00000000000000e+00 0.00000000000000e+00
5.17000000000000e+00 0.00000000000000e+00 0.00000000000000e+00
5.18000000000000e+00 0.00000000000000e+00 0.00000000000000e+00
5.19000000000000e+00 0.00000000000000e+00 0.00000000000000e+00
5.20000000000000e+00 0.00000000000000e+00 0.00000000000000e+00
5.21000000000000e+00 0.00000000000000e+00 0.00000000000000e+00
5.22000000000000e+00 0.00000000000000e+00 0.00000000000000e+00
5.23000000000000e+00 0.00000000000000e+00 0.00000000000000e+00
5.24000000000000e+00 0.00000000000000e+00 0.00000000000000e+00
5.25000000000000e+00 0.00000000000000e+00 0.00000000000000e+00
5.26000000000000e+00 0.00000000000000e+00 0.00000000000000e+00
5.27000000000000e+00 0.00000000000000e+00 0.00000000000000e+00
5.28000000000000e+00 0.00000000000000e+00 0.00000000000000e+00
5.29000000000000e+00 0.00000000000000e+00 0.00000000000000e+00
5.30000000000000e+00 0.00000000000000e+00 0.00000000000000e+00
5.31000000000000e+00 0.00000000000000e+00 0.00000000000000e+00
5.32000000000000e+00 0.00000000000000e+00 0.00000000000000e+00
5.33000000000000e+00 0.00000000000000e+00 0.00000000000000e+00
5.34000000000000e+00 0.00000000000000e+00 0.00000000000000e+00
5.35000000000000e+00 0.00000000000000e+00 0.00000000000000e+00
5.36000000000000e+00 0.00000000000000e+00 0.00000000000000e+00
5.37000000000000e+00 0.00000000000000e+00 0.00000000000000e+00
5.38000000000000e+00 0.00000000000000e+00 0.00000000000000e+00
5.39000000000000e+00 0.00000000000000e+00 0.00000000000000e+00
5.40000000000000e+00 0.00000000000000e+00 0.00000000000000e+00
5.41000000000000e+00 0.00000000000000e+00 0.00000000000000e+00
5.42000000000000e+00 0.00000000000000e+00 0.00000000000000e+00
5.43000000000000e+00 0.00000000000000e+00 0.00000000000000e+00
5.44000000000000e+00 0.00000000000000e+00 0.00000000000000e+00
5.45000000000000e+00 0.00000000000000e+00 0.00000000000000e+00
5.46000000000000e+00 0.00000000000000e+00 0.00000000000000e+00
5.47000000000000e+00 0.00000000000000e+00 0.00000000000000e+00
5.48000000000000e+00 0.00000000000000e+00 0.00000000000000e+00
5.49000000000000e+00 0.00000000000000e+00 0.00000000000000e+00
5.50000000000000e+00 0.00000000000000e+00 0.00000000000000e+00
5.51000000000000e+00 0.00000000000000e+00 0.00000000000000e+00
5.52000000000000e+00 0.00000000000000e+00 0.00000000000000e+00
5.53000000000000e+00 0.00000000000000e+00 0.00000000000000e+00
5.54000000000000e+00 0.00000000000000e+00 0.00000000000000e+00
5.55000000000000e+00 0.00000000000000e+00 0.00000000000000e+00
5.56000000000000e+00 0.00000000000000e+00 0.00000000000000e+00
5.57000000000000e+00 0.00000000000000e+00 0.00000000000000e+00
5.58000000000000e+00 0.00000000000000e+00 0.00000000000000e+00
5.59000000000000e+00 0.00000000000000e+00 0.00000000000000e+00
5.60000000000000e+00 0.00000000000000e+00 0.00000000000000e+00
5.61000000000000e+00 0.00000000000000e+00 0.00000000000000e+00
5.62000000000000e+00 0.00000000000000e+00 0.00000000000000e+00
5.63000000000000e+00 0.00000000000000e+00 0.00000000000000e+00
5.64000000000000e+00 0.00000000000000e+00 0.00000000000000e+00
5.65000000000000e+00 0.00000000000000e+00 0.00000000000000e+00
5.66000000000000e+00 0.00000000000000e+00 0.00000000000000e+00
5.67000000000000e+00 0.00000000000000e+00 0.00000000000000e+00
5.68000000000000e+00 0.00000000000000e+00 0.00000000000000e+00
5.69000000000000e+00 0.00000000000000e+00 0.00000000000000e+00
5.70000000000000e+00 0.00000000000000e+00 0.00000000000000e+00
5.71000000000000e+00 0.00000000000000e+00 0.00000000000000e+00
5.72000000000000e+00 0.00000000000000e+00 0.00000000000000e+00
5.73000000000000e+00 0.00000000000000e+00 0.00000000000000e+00
5.74000000000000e+00 0.00000000000000e+00 0.00000000000000e+00
5.75000000000000e+00 0.00000000000000e+00 0.00000000000000e+00
5.76000000000000e+00 0.00000000000000e+00 0.00000000000000e+00
5.77000000000000e+00 0.00000000000000e+00 0.00000000000000e+00
5.78000000000000e+00 0.00000000000000e+00 0.00000000000000e+00
5.79000000000000e+00 0.00000000000000e+00 0.00000000000000e+00
5.80000000000000e+00 0.00000000000000e+00 0.00000000000000e+00
5.81000000000000e+00 0.00000000000000e+00 0.00000000000000e+00
5.82000000000000e+00 0.00000000000000e+00 0.00000000000000e+00
5.83000000000000e+00 0.00000000000000e+00 0.00000000000000e+00
5.84000000000000e+00 0.00000000000000e+00 0.00000000000000e+00
5.85000000000000e+00 0.00000000000000e+00 0.00000000000000e+00
5.86000000000000e+00 0.00000000000000e+00 0.00000000000000e+00
5.87000000000000e+00 0.00000000000000e+00 0.00000000000000e+00
5.88000000000000e+00 0.00000000000000e+00 0.00000000000000e+00
5.89000000000000e+00 0.00000000000000e+00 0.00000000000000e+00
5.90000000000000e+00 0.00000000000000e+00 0.00000000000000e+00
5.91000000000000e+00 0.00000000000000e+00 0.00000000000000e+00
5.92000000000000e+00 0.00000000000000e+00 0.00000000000000e+00
5.93000000000000e+00 0.00000000000000e+00 0.00000000000000e+00
5.94000000000000e+00 0.00000000000000e+00 0.00000000000000e+00
5.95000000000000e+00 0.00000000000000e+00 0.00000000000000e+00
5.96000000000000e+00 0.00000000000000e+00 0.00000000000000e+00
5.97000000000000e+00 0.00000000000000e+00 0.00000000000000e+00
5.98000000000000e+00 0.00000000000000e+00 0.00000000000000e+00
5.99000000000000e+00 0.00000000000000e+00 0.00000000000000e+00
